time,eyePositionTraceHoriz,eyePositionTraceVert,
0,-0.0016667,-0.00047619
0.0020833,0.0036905,0.0014286
0.0041667,0.00083333,0.0035714
0.00625,-0.0069048,0.0059524
0.0083333,-0.015,0.0090476
0.010417,-0.021905,0.011429
0.0125,-0.026905,0.01381
0.014583,-0.027143,0.015238
0.016667,-0.028333,0.015238
0.01875,-0.029762,0.012857
0.020833,-0.030476,0.011905
0.022917,-0.03,0.011905
0.025,-0.029524,0.012857
0.027083,-0.030238,0.014762
0.029167,-0.031667,0.015476
0.03125,-0.033333,0.015
0.033333,-0.035238,0.015
0.035417,-0.035238,0.015
0.0375,-0.033333,0.015
0.039583,-0.031667,0.015
0.041667,-0.029286,0.015
0.04375,-0.03,0.015
0.045833,-0.033333,0.015
0.047917,-0.036667,0.015
0.05,-0.040476,0.015
0.052083,-0.040476,0.014524
0.054167,-0.036667,0.015238
0.05625,-0.033333,0.016667
0.058333,-0.030476,0.018333
0.060417,-0.029048,0.020238
0.0625,-0.03,0.020238
0.064583,-0.03,0.018333
0.066667,-0.030476,0.016667
0.06875,-0.029762,0.015238
0.070833,-0.028333,0.014524
0.072917,-0.026667,0.014524
0.075,-0.024762,0.015238
0.077083,-0.024762,0.016667
0.079167,-0.026667,0.018333
0.08125,-0.028333,0.019921
0.083333,-0.030238,0.020397
0.085417,-0.030238,0.019286
0.0875,-0.028333,0.018968
0.089583,-0.026667,0.018968
0.091667,-0.024762,0.019286
0.09375,-0.024762,0.020079
0.095833,-0.026667,0.020079
0.097917,-0.028333,0.019444
0.1,-0.030079,0.018889
0.10208,-0.030317,0.018413
0.10417,-0.028889,0.018175
0.10625,-0.027778,0.018175
0.10833,-0.026508,0.018413
0.11042,-0.026508,0.018889
0.1125,-0.027778,0.019444
0.11458,-0.028889,0.020079
0.11667,-0.029841,0.020079
0.11875,-0.030635,0.019286
0.12083,-0.029841,0.018968
0.12292,-0.028889,0.018968
0.125,-0.02746,0.019286
0.12708,-0.026984,0.020079
0.12917,-0.02746,0.020079
0.13125,-0.028889,0.019444
0.13333,-0.030159,0.018889
0.13542,-0.030159,0.018413
0.1375,-0.028889,0.018175
0.13958,-0.027778,0.017698
0.14167,-0.026508,0.018651
0.14375,-0.026508,0.020556
0.14583,-0.027778,0.022778
0.14792,-0.029206,0.025317
0.15,-0.029683,0.025317
0.15208,-0.029206,0.022143
0.15417,-0.027778,0.020873
0.15625,-0.026825,0.020873
0.15833,-0.025556,0.022143
0.16042,-0.027063,0.025159
0.1625,-0.029444,0.025397
0.16458,-0.032222,0.023333
0.16667,-0.035556,0.021667
0.16875,-0.035317,0.020238
0.17083,-0.031667,0.019524
0.17292,-0.028333,0.019524
0.175,-0.024524,0.020238
0.17708,-0.024524,0.021667
0.17917,-0.028333,0.023333
0.18125,-0.031667,0.025079
0.18333,-0.035476,0.025317
0.18542,-0.035476,0.023571
0.1875,-0.031667,0.022937
0.18958,-0.028333,0.022937
0.19167,-0.024524,0.023571
0.19375,-0.024524,0.024683
0.19583,-0.028333,0.025397
0.19792,-0.031667,0.025556
0.2,-0.035476,0.026111
0.20208,-0.035476,0.026587
0.20417,-0.031667,0.026825
0.20625,-0.028333,0.025873
0.20833,-0.023571,0.027063
0.21042,-0.025,0.029444
0.2125,-0.031667,0.032222
0.21458,-0.038333,0.035397
0.21667,-0.045794,0.035397
0.21875,-0.046032,0.031429
0.22083,-0.038889,0.029841
0.22292,-0.032778,0.029841
0.225,-0.025794,0.031429
0.22708,-0.025794,0.035397
0.22917,-0.032778,0.035397
0.23125,-0.038889,0.032222
0.23333,-0.045873,0.029444
0.23542,-0.045873,0.027063
0.2375,-0.038889,0.025873
0.23958,-0.032778,0.025873
0.24167,-0.025317,0.027063
0.24375,-0.026032,0.029444
0.24583,-0.034444,0.032222
0.24792,-0.042222,0.035238
0.25,-0.05127,0.035476
0.25208,-0.051032,0.032143
0.25417,-0.041667,0.030873
0.25625,-0.033333,0.030873
0.25833,-0.02381,0.032143
0.26042,-0.02381,0.035317
0.2625,-0.033333,0.035317
0.26458,-0.041667,0.032778
0.26667,-0.050873,0.030556
0.26875,-0.051349,0.028651
0.27083,-0.042778,0.027698
0.27292,-0.035556,0.027698
0.275,-0.027778,0.028651
0.27708,-0.027063,0.030556
0.27917,-0.033889,0.032778
0.28125,-0.039444,0.035317
0.28333,-0.045476,0.035317
0.28542,-0.045952,0.032143
0.2875,-0.040556,0.030873
0.28958,-0.036111,0.030873
0.29167,-0.031032,0.032143
0.29375,-0.031032,0.035317
0.29583,-0.036111,0.035317
0.29792,-0.040556,0.032778
0.3,-0.045635,0.030556
0.30208,-0.045635,0.028651
0.30417,-0.040556,0.027698
0.30625,-0.036111,0.027698
0.30833,-0.031508,0.028651
0.31042,-0.030794,0.030556
0.3125,-0.034444,0.032778
0.31458,-0.037222,0.035317
0.31667,-0.040556,0.035317
0.31875,-0.040317,0.032143
0.32083,-0.036667,0.030873
0.32292,-0.033333,0.030873
0.325,-0.029524,0.032143
0.32708,-0.029524,0.035317
0.32917,-0.033333,0.035317
0.33125,-0.036667,0.032778
0.33333,-0.040476,0.030556
0.33542,-0.040476,0.028651
0.3375,-0.036667,0.027698
0.33958,-0.033333,0.028175
0.34167,-0.029048,0.028413
0.34375,-0.029762,0.028889
0.34583,-0.035,0.029444
0.34792,-0.04,0.030079
0.35,-0.045873,0.030079
0.35208,-0.045635,0.029444
0.35417,-0.039444,0.028889
0.35625,-0.033889,0.028413
0.35833,-0.028016,0.028492
0.36042,-0.027302,0.028333
0.3625,-0.032222,0.027143
0.36458,-0.036111,0.025556
0.36667,-0.040397,0.024048
0.36875,-0.040635,0.023095
0.37083,-0.036667,0.023175
0.37292,-0.033333,0.023175
0.375,-0.029524,0.023413
0.37708,-0.029524,0.023889
0.37917,-0.033333,0.024444
0.38125,-0.036667,0.025079
0.38333,-0.04,0.025079
0.38542,-0.040714,0.024286
0.3875,-0.038333,0.023968
0.38958,-0.036667,0.023968
0.39167,-0.034286,0.024286
0.39375,-0.035,0.024921
0.39583,-0.038333,0.025159
0.39792,-0.041667,0.025
0.4,-0.045476,0.025
0.40208,-0.045476,0.025
0.40417,-0.041667,0.025
0.40625,-0.038333,0.025
0.40833,-0.034524,0.025
0.41042,-0.034524,0.025
0.4125,-0.038333,0.025
0.41458,-0.041667,0.025476
0.41667,-0.045,0.024762
0.41875,-0.045714,0.022857
0.42083,-0.043333,0.021905
0.42292,-0.041667,0.021905
0.425,-0.038333,0.023333
0.42708,-0.040476,0.024524
0.42917,-0.046667,0.02381
0.43125,-0.053333,0.021667
0.43333,-0.060794,0.020238
0.43542,-0.061032,0.019524
0.4375,-0.053889,0.019841
0.43958,-0.047778,0.019762
0.44167,-0.040317,0.020714
0.44375,-0.041032,0.022222
0.44583,-0.049444,0.02381
0.44792,-0.057222,0.025317
0.45,-0.065952,0.025159
0.45208,-0.066349,0.023571
0.45417,-0.057698,0.022937
0.45625,-0.05,0.022937
0.45833,-0.043095,0.023571
0.46042,-0.039762,0.024841
0.4625,-0.042063,0.025317
0.46458,-0.042778,0.025
0.46667,-0.043571,0.025
0.46875,-0.043333,0.025
0.47083,-0.042222,0.025
0.47292,-0.041111,0.025
0.475,-0.040159,0.025
0.47708,-0.039365,0.025
0.47917,-0.040159,0.025
0.48125,-0.041111,0.025476
0.48333,-0.042222,0.024762
0.48542,-0.043175,0.022857
0.4875,-0.043651,0.021905
0.48958,-0.043333,0.021905
0.49167,-0.043175,0.023333
0.49375,-0.043413,0.024524
0.49583,-0.043889,0.02381
0.49792,-0.044444,0.021667
0.5,-0.044921,0.020238
0.50208,-0.045159,0.019524
0.50417,-0.045,0.019524
0.50625,-0.045,0.020238
0.50833,-0.044048,0.021667
0.51042,-0.045476,0.023333
0.5125,-0.048333,0.024762
0.51458,-0.051667,0.025476
0.51667,-0.054524,0.025476
0.51875,-0.055952,0.024286
0.52083,-0.055,0.023571
0.52292,-0.055,0.023333
0.525,-0.054048,0.024048
0.52708,-0.055476,0.024048
0.52917,-0.058333,0.02381
0.53125,-0.061667,0.021667
0.53333,-0.065952,0.020238
0.53542,-0.065238,0.019524
0.5375,-0.06,0.02
0.53958,-0.055,0.02
0.54167,-0.049286,0.02
0.54375,-0.049286,0.02
0.54583,-0.055,0.02
0.54792,-0.06,0.02
0.55,-0.066032,0.02
0.55208,-0.065556,0.02
0.55417,-0.058889,0.02
0.55625,-0.052778,0.02
0.55833,-0.046746,0.02
0.56042,-0.045317,0.02
0.5625,-0.049444,0.02
0.56458,-0.052222,0.02
0.56667,-0.055556,0.02
0.56875,-0.055317,0.02
0.57083,-0.051667,0.02
0.57292,-0.048333,0.02
0.575,-0.044524,0.02
0.57708,-0.044524,0.02
0.57917,-0.048333,0.02
0.58125,-0.051667,0.02
0.58333,-0.055476,0.02
0.58542,-0.055476,0.02
0.5875,-0.051667,0.02
0.58958,-0.048333,0.02
0.59167,-0.045476,0.02
0.59375,-0.044048,0.020317
0.59583,-0.045,0.019841
0.59792,-0.045,0.018889
0.6,-0.045159,0.017778
0.60208,-0.044921,0.016825
0.60417,-0.044444,0.016349
0.60625,-0.043889,0.016349
0.60833,-0.043254,0.016825
0.61042,-0.043254,0.017778
0.6125,-0.043889,0.018889
0.61458,-0.044444,0.020159
0.61667,-0.045079,0.020159
0.61875,-0.045397,0.018571
0.62083,-0.044286,0.017937
0.62292,-0.042778,0.017937
0.625,-0.04119,0.018571
0.62708,-0.039841,0.019841
0.62917,-0.039762,0.020317
0.63125,-0.040556,0.02
0.63333,-0.04127,0.02
0.63542,-0.041508,0.02
0.6375,-0.04127,0.02
0.63958,-0.040556,0.02
0.64167,-0.039921,0.02
0.64375,-0.039921,0.02
0.64583,-0.040556,0.02
0.64792,-0.041111,0.02
0.65,-0.041587,0.02
0.65208,-0.041825,0.02
0.65417,-0.041667,0.02
0.65625,-0.041667,0.02
0.65833,-0.041349,0.02
0.66042,-0.041825,0.02
0.6625,-0.042778,0.02
0.66458,-0.043889,0.02
0.66667,-0.045635,0.02
0.66875,-0.044921,0.02
0.67083,-0.042222,0.02
0.67292,-0.039444,0.019524
0.675,-0.03627,0.020238
0.67708,-0.03627,0.021667
0.67917,-0.039444,0.023333
0.68125,-0.042222,0.025238
0.68333,-0.044603,0.025238
0.68542,-0.04627,0.022857
0.6875,-0.044762,0.021905
0.68958,-0.043333,0.021905
0.69167,-0.04119,0.022857
0.69375,-0.040476,0.025079
0.69583,-0.04119,0.025317
0.69792,-0.043333,0.023889
0.7,-0.044921,0.022778
0.70208,-0.045397,0.021825
0.70417,-0.044444,0.021349
0.70625,-0.043889,0.021667
0.70833,-0.043254,0.021667
0.71042,-0.043254,0.021667
0.7125,-0.043889,0.021667
0.71458,-0.044603,0.021825
0.71667,-0.044841,0.021587
0.71875,-0.044603,0.021111
0.72083,-0.043889,0.020556
0.72292,-0.043413,0.020079
0.725,-0.043016,0.019841
0.72708,-0.043413,0.02
0.72917,-0.043889,0.02
0.73125,-0.044444,0.02
0.73333,-0.045556,0.02
0.73542,-0.044841,0.02
0.7375,-0.042778,0.02
0.73958,-0.040556,0.019683
0.74167,-0.038016,0.020159
0.74375,-0.038016,0.021111
0.74583,-0.040556,0.022222
0.74792,-0.042778,0.023492
0.75,-0.044206,0.023175
0.75208,-0.045873,0.022222
0.75417,-0.046667,0.022302
0.75625,-0.048333,0.022937
0.75833,-0.049762,0.023968
0.76042,-0.050476,0.025556
0.7625,-0.05,0.025
0.76458,-0.05,0.023889
0.76667,-0.05,0.022778
0.76875,-0.05,0.021825
0.77083,-0.05,0.021349
0.77292,-0.05,0.021349
0.775,-0.049524,0.021825
0.77708,-0.050238,0.022778
0.77917,-0.051667,0.023889
0.78125,-0.05381,0.025159
0.78333,-0.055,0.025317
0.78542,-0.053571,0.023651
0.7875,-0.05,0.022302
0.78958,-0.046905,0.02127
0.79167,-0.043333,0.021032
0.79375,-0.045238,0.021667
0.79583,-0.05,0.021111
0.79792,-0.055,0.019444
0.8,-0.060714,0.017857
0.80208,-0.060714,0.016667
0.80417,-0.055,0.016349
0.80625,-0.05,0.016349
0.80833,-0.044286,0.016825
0.81042,-0.044286,0.017778
0.8125,-0.05,0.018889
0.81458,-0.055,0.020159
0.81667,-0.059762,0.020159
0.81875,-0.06119,0.018571
0.82083,-0.058333,0.017937
0.82292,-0.056667,0.017937
0.825,-0.054762,0.018571
0.82708,-0.054762,0.020476
0.82917,-0.056667,0.02
0.83125,-0.058333,0.017778
0.83333,-0.060238,0.015556
0.83542,-0.060238,0.013651
0.8375,-0.058333,0.012698
0.83958,-0.056667,0.012698
0.84167,-0.054762,0.013651
0.84375,-0.054762,0.015556
0.84583,-0.056667,0.017778
0.84792,-0.058333,0.020317
0.85,-0.060556,0.020317
0.85208,-0.060079,0.017143
0.85417,-0.057222,0.015873
0.85625,-0.054444,0.015873
0.85833,-0.05127,0.017143
0.86042,-0.05127,0.020159
0.8625,-0.054444,0.020397
0.86458,-0.057222,0.018333
0.86667,-0.060873,0.016667
0.86875,-0.060159,0.015238
0.87083,-0.055556,0.014524
0.87292,-0.051111,0.015
0.875,-0.046032,0.015
0.87708,-0.046032,0.015
0.87917,-0.051111,0.015
0.88125,-0.055556,0.015
0.88333,-0.060794,0.015
0.88542,-0.060556,0.015
0.8875,-0.055,0.015
0.88958,-0.05,0.015
0.89167,-0.045238,0.015
0.89375,-0.04381,0.015
0.89583,-0.046667,0.015
0.89792,-0.048333,0.015
0.9,-0.050556,0.015
0.90208,-0.050079,0.015
0.90417,-0.047222,0.015
0.90625,-0.044444,0.015
0.90833,-0.04127,0.015
0.91042,-0.04127,0.015
0.9125,-0.044444,0.015
0.91458,-0.047222,0.015
0.91667,-0.050556,0.015
0.91875,-0.050794,0.015
0.92083,-0.046429,0.015
0.92292,-0.041667,0.015
0.925,-0.037143,0.015
0.92708,-0.034286,0.015159
0.92917,-0.034524,0.014921
0.93125,-0.035,0.014444
0.93333,-0.035,0.013889
0.93542,-0.035,0.013413
0.9375,-0.035,0.013175
0.93958,-0.035,0.013175
0.94167,-0.035,0.013413
0.94375,-0.035,0.013889
0.94583,-0.035,0.014444
0.94792,-0.035,0.015079
0.95,-0.034524,0.015079
0.95208,-0.035714,0.014286
0.95417,-0.036429,0.013968
0.95625,-0.036667,0.013968
0.95833,-0.035952,0.014286
0.96042,-0.035952,0.015079
0.9625,-0.03619,0.015079
0.96458,-0.038333,0.014444
0.96667,-0.040079,0.013889
0.96875,-0.040317,0.013413
0.97083,-0.038889,0.013175
0.97292,-0.037778,0.013175
0.975,-0.036508,0.013413
0.97708,-0.036349,0.013889
0.97917,-0.037857,0.014444
0.98125,-0.039444,0.015079
0.98333,-0.040952,0.015079
0.98542,-0.042381,0.014286
0.9875,-0.041587,0.013968
0.98958,-0.04,0.013968
0.99167,-0.037857,0.014286
0.99375,-0.037143,0.015079
0.99583,-0.037857,0.015079
0.99792,-0.04,0.014444
1,-0.042063,0.013889
1.0021,-0.041825,0.013413
1.0042,-0.039444,0.013175
1.0063,-0.037222,0.013175
1.0083,-0.035317,0.013413
1.0104,-0.033413,0.013889
1.0125,-0.035476,0.014444
1.0146,-0.038333,0.015079
1.0167,-0.041667,0.015079
1.0188,-0.044524,0.01381
1.0208,-0.045952,0.014206
1.0229,-0.045,0.015635
1.025,-0.043571,0.017619
1.0271,-0.045714,0.020159
1.0292,-0.05,0.020397
1.0312,-0.055,0.018333
1.0333,-0.060397,0.016667
1.0354,-0.060873,0.015238
1.0375,-0.056111,0.014524
1.0396,-0.052222,0.014524
1.0417,-0.047778,0.015238
1.0437,-0.047778,0.016667
1.0458,-0.052222,0.018333
1.0479,-0.056111,0.020238
1.05,-0.059921,0.020238
1.0521,-0.060873,0.017857
1.0542,-0.058333,0.016905
1.0562,-0.056667,0.016905
1.0583,-0.054762,0.017857
1.0604,-0.054762,0.019762
1.0625,-0.056667,0.020476
1.0646,-0.058333,0.02
1.0667,-0.060238,0.02
1.0688,-0.060238,0.02
1.0708,-0.058333,0.02
1.0729,-0.056667,0.019524
1.075,-0.054762,0.020238
1.0771,-0.054762,0.021667
1.0792,-0.056667,0.023333
1.0813,-0.058333,0.025238
1.0833,-0.060714,0.025238
1.0854,-0.06,0.022857
1.0875,-0.056667,0.021905
1.0896,-0.053333,0.021905
1.0917,-0.049048,0.022857
1.0938,-0.049762,0.024762
1.0958,-0.055,0.025476
1.0979,-0.06,0.025
1.1,-0.065714,0.025
1.1021,-0.065714,0.025
1.1042,-0.06,0.025
1.1062,-0.055,0.024048
1.1083,-0.050238,0.025476
1.1104,-0.048016,0.028333
1.1125,-0.052063,0.031667
1.1146,-0.056111,0.035317
1.1167,-0.061111,0.035556
1.1187,-0.063016,0.031429
1.1208,-0.061349,0.029841
1.1229,-0.057778,0.029841
1.125,-0.054603,0.031429
1.1271,-0.054603,0.034603
1.1292,-0.057778,0.035794
1.1313,-0.060556,0.035
1.1333,-0.062937,0.035
1.1354,-0.064127,0.035
1.1375,-0.063333,0.035
1.1396,-0.063333,0.035
1.1417,-0.063175,0.035
1.1438,-0.063413,0.035
1.1458,-0.063889,0.035
1.1479,-0.064444,0.035794
1.15,-0.066349,0.034603
1.1521,-0.064444,0.032222
1.1542,-0.06,0.029444
1.1562,-0.055,0.027063
1.1583,-0.049286,0.026032
1.1604,-0.049286,0.026587
1.1625,-0.055,0.026111
1.1646,-0.06,0.025556
1.1667,-0.06619,0.025079
1.1687,-0.065476,0.024841
1.1708,-0.058333,0.024683
1.1729,-0.051667,0.025
1.175,-0.044048,0.02619
1.1771,-0.044048,0.027778
1.1792,-0.051667,0.029286
1.1812,-0.058333,0.030238
1.1833,-0.065952,0.030159
1.1854,-0.065952,0.03
1.1875,-0.058333,0.029048
1.1896,-0.051667,0.030476
1.1917,-0.044048,0.033333
1.1938,-0.044048,0.03746
1.1958,-0.051667,0.039127
1.1979,-0.058333,0.038175
1.2,-0.065952,0.034444
1.2021,-0.065952,0.032063
1.2042,-0.058333,0.030079
1.2063,-0.051667,0.032063
1.2083,-0.045476,0.034444
1.2104,-0.043333,0.037222
1.2125,-0.046667,0.039603
1.2146,-0.048333,0.04127
1.2167,-0.049762,0.039762
1.2188,-0.050476,0.038333
1.2208,-0.05,0.036667
1.2229,-0.05,0.035238
1.225,-0.05,0.034524
1.2271,-0.05,0.035159
1.2292,-0.05,0.034921
1.2312,-0.05,0.034444
1.2333,-0.05,0.033889
1.2354,-0.050476,0.033413
1.2375,-0.049762,0.033175
1.2396,-0.048333,0.032698
1.2417,-0.04619,0.033651
1.2437,-0.045476,0.035556
1.2458,-0.04619,0.037778
1.2479,-0.048333,0.040317
1.25,-0.050238,0.040317
1.2521,-0.050238,0.037143
1.2542,-0.048333,0.035873
1.2563,-0.046667,0.035873
1.2583,-0.044762,0.037143
1.2604,-0.044762,0.040317
1.2625,-0.046667,0.040317
1.2646,-0.048333,0.037778
1.2667,-0.049762,0.035556
1.2688,-0.050476,0.033651
1.2708,-0.05,0.032698
1.2729,-0.05,0.032698
1.275,-0.049524,0.033651
1.2771,-0.050238,0.035556
1.2792,-0.051667,0.037778
1.2812,-0.053333,0.040317
1.2833,-0.055079,0.040317
1.2854,-0.055317,0.037143
1.2875,-0.053889,0.035873
1.2896,-0.052778,0.035873
1.2917,-0.051508,0.037143
1.2937,-0.051508,0.040159
1.2958,-0.052778,0.040397
1.2979,-0.053889,0.038333
1.3,-0.055159,0.036667
1.3021,-0.055159,0.035238
1.3042,-0.053889,0.034524
1.3062,-0.052778,0.034524
1.3083,-0.051032,0.035238
1.3104,-0.051746,0.036667
1.3125,-0.054444,0.038333
1.3146,-0.057222,0.040238
1.3167,-0.059603,0.040238
1.3188,-0.060794,0.037857
1.3208,-0.06,0.036905
1.3229,-0.06,0.036905
1.325,-0.059524,0.037857
1.3271,-0.060238,0.040238
1.3292,-0.061667,0.040238
1.3313,-0.063333,0.038333
1.3333,-0.064762,0.036667
1.3354,-0.065476,0.035238
1.3375,-0.065,0.034524
1.3396,-0.065,0.034524
1.3417,-0.064524,0.035238
1.3438,-0.064921,0.036667
1.3458,-0.066825,0.038333
1.3479,-0.069444,0.040397
1.35,-0.071984,0.040159
1.3521,-0.073651,0.037143
1.3542,-0.073651,0.035873
1.3562,-0.073333,0.035873
1.3583,-0.073175,0.037143
1.3604,-0.073413,0.039683
1.3625,-0.073889,0.040635
1.3646,-0.074444,0.04
1.3667,-0.074921,0.04
1.3687,-0.075159,0.04
1.3708,-0.075,0.04
1.3729,-0.075,0.04
1.375,-0.074524,0.04
1.3771,-0.075238,0.04
1.3792,-0.076667,0.04
1.3813,-0.078333,0.04
1.3833,-0.081349,0.04
1.3854,-0.079683,0.04
1.3875,-0.074444,0.04
1.3896,-0.068889,0.04
1.3917,-0.06254,0.04
1.3938,-0.06254,0.040317
1.3958,-0.068889,0.039841
1.3979,-0.074444,0.038889
1.4,-0.080476,0.037778
1.4021,-0.080952,0.036825
1.4042,-0.075556,0.036349
1.4062,-0.071111,0.036349
1.4083,-0.065556,0.036825
1.4104,-0.06627,0.037778
1.4125,-0.072778,0.038889
1.4146,-0.078889,0.040159
1.4167,-0.085873,0.040159
1.4187,-0.085873,0.038571
1.4208,-0.078889,0.037937
1.4229,-0.072778,0.037937
1.425,-0.065794,0.038571
1.4271,-0.065794,0.040159
1.4292,-0.072778,0.040159
1.4312,-0.078889,0.038889
1.4333,-0.085873,0.037778
1.4354,-0.085873,0.036825
1.4375,-0.078889,0.036349
1.4396,-0.072778,0.036349
1.4417,-0.066746,0.036825
1.4438,-0.065317,0.037778
1.4458,-0.069444,0.038889
1.4479,-0.072222,0.040159
1.45,-0.075556,0.040159
1.4521,-0.075317,0.038571
1.4542,-0.071667,0.037937
1.4563,-0.068333,0.037937
1.4583,-0.064524,0.038571
1.4604,-0.064524,0.040476
1.4625,-0.068333,0.04
1.4646,-0.071667,0.037778
1.4667,-0.075159,0.035556
1.4688,-0.075635,0.033651
1.4708,-0.072778,0.032698
1.4729,-0.070556,0.033492
1.475,-0.06754,0.033254
1.4771,-0.068254,0.032778
1.4792,-0.072222,0.032222
1.4812,-0.076111,0.032381
1.4833,-0.079921,0.03119
1.4854,-0.080873,0.02881
1.4875,-0.078333,0.02754
1.4896,-0.076667,0.02754
1.4917,-0.074762,0.029444
1.4937,-0.074762,0.031032
1.4958,-0.076667,0.030079
1.4979,-0.078333,0.027222
1.5,-0.080238,0.025317
1.5021,-0.080238,0.024365
1.5042,-0.078333,0.024365
1.5063,-0.076667,0.025
1.5083,-0.074762,0.027381
1.5104,-0.074762,0.030556
1.5125,-0.076667,0.033571
1.5146,-0.078333,0.035794
1.5167,-0.081825,0.035159
1.5188,-0.079444,0.033571
1.5208,-0.072778,0.032937
1.5229,-0.065556,0.032937
1.525,-0.056825,0.033571
1.5271,-0.05754,0.035317
1.5292,-0.067222,0.035079
1.5312,-0.076111,0.033333
1.5333,-0.086587,0.031667
1.5354,-0.086111,0.030238
1.5375,-0.075,0.029524
1.5396,-0.065,0.03
1.5417,-0.054048,0.03
1.5437,-0.053333,0.03
1.5458,-0.063333,0.03
1.5479,-0.071667,0.030476
1.55,-0.08119,0.029762
1.5521,-0.08119,0.027857
1.5542,-0.071667,0.026905
1.5562,-0.063333,0.026905
1.5583,-0.054762,0.028333
1.5604,-0.053333,0.029524
1.5625,-0.06,0.02881
1.5646,-0.065,0.026667
1.5667,-0.07119,0.025238
1.5688,-0.070476,0.024524
1.5708,-0.063333,0.024841
1.5729,-0.056667,0.025079
1.575,-0.049524,0.025556
1.5771,-0.04881,0.026111
1.5792,-0.055,0.026587
1.5813,-0.06,0.02746
1.5833,-0.06619,0.026349
1.5854,-0.065476,0.02381
1.5875,-0.058333,0.02254
1.5896,-0.051667,0.02254
1.5917,-0.044048,0.024921
1.5938,-0.044048,0.025794
1.5958,-0.051667,0.023413
1.5979,-0.058333,0.018889
1.6,-0.066429,0.015556
1.6021,-0.065714,0.013889
1.6042,-0.056667,0.013889
1.6062,-0.048333,0.015556
1.6083,-0.040238,0.018889
1.6104,-0.038095,0.022778
1.6125,-0.043333,0.026111
1.6146,-0.046667,0.028413
1.6167,-0.050794,0.026349
1.6187,-0.050317,0.02381
1.6208,-0.045556,0.02254
1.6229,-0.041111,0.02254
1.625,-0.036032,0.024444
1.6271,-0.036032,0.026032
1.6292,-0.041111,0.025079
1.6312,-0.045556,0.022222
1.6333,-0.050794,0.020317
1.6354,-0.050556,0.019365
1.6375,-0.045,0.019365
1.6396,-0.04,0.020317
1.6417,-0.034286,0.022222
1.6438,-0.034286,0.024444
1.6458,-0.04,0.026349
1.6479,-0.045,0.027937
1.65,-0.050238,0.026349
1.6521,-0.050952,0.02381
1.6542,-0.046667,0.02254
1.6562,-0.043333,0.02254
1.6583,-0.039524,0.024444
1.6604,-0.039524,0.026032
1.6625,-0.043333,0.025079
1.6646,-0.046667,0.022222
1.6667,-0.050476,0.020317
1.6687,-0.050476,0.019365
1.6708,-0.046667,0.019206
1.6729,-0.043333,0.020397
1.675,-0.039524,0.022778
1.6771,-0.039524,0.025556
1.6792,-0.043333,0.027937
1.6812,-0.046667,0.029921
1.6833,-0.05,0.027937
1.6854,-0.050714,0.024762
1.6875,-0.048333,0.023175
1.6896,-0.046667,0.023175
1.6917,-0.044762,0.025556
1.6937,-0.044762,0.02754
1.6958,-0.046667,0.026349
1.6979,-0.048333,0.022778
1.7,-0.050238,0.020397
1.7021,-0.050238,0.019206
1.7042,-0.048333,0.019365
1.7063,-0.046667,0.020317
1.7083,-0.044762,0.022222
1.7104,-0.044762,0.024444
1.7125,-0.046667,0.026349
1.7146,-0.048333,0.027937
1.7167,-0.050238,0.026349
1.7188,-0.050238,0.02381
1.7208,-0.048333,0.02254
1.7229,-0.046667,0.02254
1.725,-0.044762,0.024444
1.7271,-0.044762,0.026032
1.7292,-0.046667,0.025079
1.7312,-0.048333,0.022222
1.7333,-0.050079,0.020317
1.7354,-0.050317,0.019365
1.7375,-0.048889,0.018889
1.7396,-0.047778,0.020556
1.7417,-0.045079,0.023889
1.7437,-0.047222,0.027778
1.7458,-0.052778,0.031111
1.7479,-0.058889,0.033413
1.75,-0.065873,0.031349
1.7521,-0.065873,0.02881
1.7542,-0.058889,0.02754
1.7562,-0.052778,0.02754
1.7583,-0.045794,0.029444
1.7604,-0.045794,0.031032
1.7625,-0.052778,0.030079
1.7646,-0.058889,0.027222
1.7667,-0.065873,0.025317
1.7688,-0.065873,0.024365
1.7708,-0.058889,0.024365
1.7729,-0.052778,0.025317
1.775,-0.04627,0.027222
1.7771,-0.045556,0.029444
1.7792,-0.051111,0.031349
1.7812,-0.055556,0.033413
1.7833,-0.059365,0.031111
1.7854,-0.06127,0.026667
1.7875,-0.06,0.024444
1.7896,-0.06,0.024444
1.7917,-0.059048,0.027778
1.7937,-0.060476,0.030556
1.7958,-0.063333,0.028889
1.7979,-0.066667,0.023889
1.8,-0.069524,0.020556
1.8021,-0.070952,0.018889
1.8042,-0.07,0.019048
1.8062,-0.07,0.020476
1.8083,-0.07,0.023333
1.8104,-0.07,0.026667
1.8125,-0.07,0.029524
1.8146,-0.07,0.031429
1.8167,-0.072222,0.029762
1.8187,-0.068889,0.027857
1.8208,-0.062222,0.026905
1.8229,-0.054444,0.026905
1.825,-0.046032,0.028333
1.8271,-0.045317,0.029524
1.8292,-0.052778,0.02881
1.8313,-0.058889,0.026667
1.8333,-0.066032,0.025238
1.8354,-0.065794,0.024524
1.8375,-0.058333,0.024683
1.8396,-0.051667,0.025159
1.8417,-0.044048,0.026111
1.8438,-0.044048,0.027222
1.8458,-0.051667,0.028175
1.8479,-0.058333,0.028968
1.85,-0.065952,0.028175
1.8521,-0.065952,0.026905
1.8542,-0.058333,0.02627
1.8562,-0.051667,0.02627
1.8583,-0.043571,0.027222
1.8604,-0.044286,0.028016
1.8625,-0.053333,0.02754
1.8646,-0.061667,0.026111
1.8667,-0.070873,0.025159
1.8687,-0.071349,0.024683
1.8708,-0.062778,0.024524
1.8729,-0.055556,0.025238
1.875,-0.047778,0.026667
1.8771,-0.047063,0.028333
1.8792,-0.053889,0.029762
1.8812,-0.059444,0.030476
1.8833,-0.065794,0.03
1.8854,-0.065794,0.03
1.8875,-0.059444,0.03
1.8896,-0.053889,0.03
1.8917,-0.04754,0.03
1.8938,-0.04754,0.03
1.8958,-0.053889,0.03
1.8979,-0.059444,0.03
1.9,-0.066905,0.03
1.9021,-0.065238,0.03
1.9042,-0.055556,0.029683
1.9062,-0.046111,0.030159
1.9083,-0.03627,0.031111
1.9104,-0.034841,0.032222
1.9125,-0.042778,0.033175
1.9146,-0.048889,0.033968
1.9167,-0.056032,0.033175
1.9187,-0.055794,0.031905
1.9208,-0.048333,0.031111
1.9229,-0.041667,0.031349
1.925,-0.034048,0.03246
1.9271,-0.034048,0.034444
1.9292,-0.041667,0.035159
1.9312,-0.048333,0.034603
1.9333,-0.055317,0.033889
1.9354,-0.05627,0.033413
1.9375,-0.050556,0.033016
1.9396,-0.046111,0.033413
1.9417,-0.041032,0.033889
1.9437,-0.041032,0.034444
1.9458,-0.046111,0.034921
1.9479,-0.050556,0.035317
1.95,-0.055635,0.034921
1.9521,-0.055635,0.034444
1.9542,-0.050556,0.03373
1.9563,-0.046111,0.033492
1.9583,-0.040556,0.03373
1.9604,-0.04127,0.034603
1.9625,-0.047778,0.034841
1.9646,-0.053889,0.034603
1.9667,-0.060714,0.033889
1.9688,-0.060952,0.033413
1.9708,-0.054444,0.033016
1.9729,-0.048889,0.033413
1.975,-0.043492,0.033889
1.9771,-0.042063,0.034444
1.9792,-0.045556,0.034921
1.9812,-0.047778,0.035159
1.9833,-0.050317,0.035
1.9854,-0.050317,0.035
1.9875,-0.047778,0.035
1.9896,-0.045556,0.035
1.9917,-0.043016,0.035
1.9937,-0.043016,0.035
1.9958,-0.045556,0.035
1.9979,-0.047778,0.035
2,-0.051111,0.035
2.0021,-0.049921,0.035
2.0042,-0.045,0.034683
2.0063,-0.04,0.035
2.0083,-0.033333,0.03619
2.0104,-0.034286,0.037778
2.0125,-0.042619,0.039286
2.0146,-0.05381,0.040397
2.0167,-0.065,0.04119
2.0187,-0.074048,0.038889
2.0208,-0.076667,0.035
2.0229,-0.079286,0.030635
2.025,-0.078651,0.028175
2.0271,-0.081032,0.025
2.0292,-0.083889,0.022778
2.0312,-0.087778,0.018889
2.0333,-0.091111,0.015556
2.0354,-0.092778,0.013889
2.0375,-0.091667,0.015
2.0396,-0.091667,0.015
2.0417,-0.090714,0.015
2.0438,-0.092143,0.015
2.0458,-0.095,0.015
2.0479,-0.098333,0.015476
2.05,-0.10135,0.014762
2.0521,-0.10444,0.013333
2.0542,-0.10016,0.011667
2.0562,-0.093889,0.010238
2.0583,-0.084841,0.01
2.0604,-0.081746,0.0097619
2.0625,-0.084762,0.0083333
2.0646,-0.093333,0.0066667
2.0667,-0.10032,0.0052381
2.0688,-0.1019,0.0045238
2.0708,-0.095238,0.005
2.0729,-0.088889,0.005
2.075,-0.082857,0.005
2.0771,-0.079048,0.005
2.0792,-0.079365,0.005
2.0812,-0.08,0.0054762
2.0833,-0.08,0.0047619
2.0854,-0.08,0.0028571
2.0875,-0.08,0.0019048
2.0896,-0.08,0.0019048
2.0917,-0.08,0.0028571
2.0938,-0.079524,0.0052381
2.0958,-0.080238,0.0052381
2.0979,-0.081667,0.0033333
2.1,-0.083333,0.0016667
2.1021,-0.084762,0.0002381
2.1042,-0.085476,-0.00047619
2.1063,-0.085,-0.00047619
2.1083,-0.084524,0.0002381
2.1104,-0.085238,0.0016667
2.1125,-0.086667,0.0033333
2.1146,-0.088333,0.0052381
2.1167,-0.089762,0.0052381
2.1187,-0.091429,0.0028571
2.1208,-0.089524,0.0019048
2.1229,-0.086667,0.0019048
2.125,-0.083333,0.0028571
2.1271,-0.079683,0.0047619
2.1292,-0.079444,0.0054762
2.1313,-0.082778,0.005
2.1333,-0.086349,0.005
2.1354,-0.08754,0.005
2.1375,-0.086349,0.005
2.1396,-0.082778,0.005
2.1417,-0.080397,0.005
2.1437,-0.07873,0.005
2.1458,-0.080238,0.005
2.1479,-0.081667,0.005
2.15,-0.083333,0.005
2.1521,-0.084762,0.005
2.1542,-0.085476,0.005
2.1562,-0.085,0.005
2.1583,-0.085,0.005
2.1604,-0.084683,0.0054762
2.1625,-0.085159,0.0047619
2.1646,-0.086111,0.0033333
2.1667,-0.087222,0.0016667
2.1688,-0.088175,0.0002381
2.1708,-0.088651,-0.00047619
2.1729,-0.088333,-0.00047619
2.175,-0.088175,0.0002381
2.1771,-0.088413,0.0016667
2.1792,-0.088889,0.0033333
2.1812,-0.089444,0.0052381
2.1833,-0.090079,0.0052381
2.1854,-0.090873,0.0028571
2.1875,-0.089048,0.0019048
2.1896,-0.086111,0.0019048
2.1917,-0.082857,0.0028571
2.1938,-0.079921,0.0047619
2.1958,-0.079365,0.0054762
2.1979,-0.081111,0.005
2.2,-0.08254,0.005
2.2021,-0.083016,0.005
2.2042,-0.08254,0.005
2.2062,-0.081111,0.005
2.2083,-0.080159,0.005
2.2104,-0.079683,0.005
2.2125,-0.08,0.005
2.2146,-0.08,0.005
2.2167,-0.08,0.005
2.2188,-0.08,0.005
2.2208,-0.08,0.005
2.2229,-0.08,0.005
2.225,-0.08,0.005
2.2271,-0.08,0.0054762
2.2292,-0.08,0.0047619
2.2313,-0.08,0.0033333
2.2333,-0.08,0.0016667
2.2354,-0.08,0.0002381
2.2375,-0.08,-0.00047619
2.2396,-0.08,0
2.2417,-0.08,0
2.2437,-0.08,0
2.2458,-0.08,0
2.2479,-0.08,0
2.25,-0.080159,0
2.2521,-0.079921,0
2.2542,-0.079444,0
2.2563,-0.078889,0
2.2583,-0.078254,0
2.2604,-0.078254,0
2.2625,-0.078889,0
2.2646,-0.079444,0
2.2667,-0.080079,0
2.2687,-0.080556,0
2.2708,-0.079206,0
2.2729,-0.077222,0
2.275,-0.075079,0
2.2771,-0.073254,0
2.2792,-0.072937,0
2.2812,-0.073889,0
2.2833,-0.074603,0
2.2854,-0.074841,0
2.2875,-0.074603,0
2.2896,-0.073889,0
2.2917,-0.073254,0
2.2938,-0.073254,0.00047619
2.2958,-0.073889,-0.0002381
2.2979,-0.074444,-0.0016667
2.3,-0.074921,-0.0033333
2.3021,-0.075159,-0.0047619
2.3042,-0.075,-0.0054762
2.3062,-0.075,-0.0054762
2.3083,-0.075,-0.0047619
2.3104,-0.075,-0.0033333
2.3125,-0.075,-0.0016667
2.3146,-0.075,0.0002381
2.3167,-0.075,0.0002381
2.3188,-0.075,-0.0021429
2.3208,-0.075,-0.0030952
2.3229,-0.075,-0.0030952
2.325,-0.074524,-0.0021429
2.3271,-0.075238,0.0002381
2.3292,-0.076667,0.0002381
2.3312,-0.078333,-0.0016667
2.3333,-0.079921,-0.0033333
2.3354,-0.081032,-0.0047619
2.3375,-0.079127,-0.0054762
2.3396,-0.076667,-0.0054762
2.3417,-0.073333,-0.0047619
2.3438,-0.072143,-0.0033333
2.3458,-0.073254,-0.0016667
2.3479,-0.076111,0.0002381
2.35,-0.078333,0.0002381
2.3521,-0.07881,-0.0021429
2.3542,-0.077222,-0.0030952
2.3563,-0.076111,-0.0030952
2.3583,-0.075159,-0.0021429
2.3604,-0.074524,0.0002381
2.3625,-0.075079,0.0002381
2.3646,-0.075556,-0.0016667
2.3667,-0.076111,-0.0033333
2.3687,-0.076746,-0.0047619
2.3708,-0.076746,-0.0054762
2.3729,-0.076111,-0.0054762
2.375,-0.075397,-0.0047619
2.3771,-0.074683,-0.0033333
2.3792,-0.075635,-0.0016667
2.3813,-0.077778,0.0002381
2.3833,-0.080079,0.0002381
2.3854,-0.081508,-0.0021429
2.3875,-0.081587,-0.0030952
2.3896,-0.080556,-0.0030952
2.3917,-0.079921,-0.0021429
2.3937,-0.079603,0.00055556
2.3958,-0.080714,7.9365e-05
2.3979,-0.082222,-0.0027778
2.4,-0.08381,-0.0055556
2.4021,-0.085317,-0.0079365
2.4042,-0.085159,-0.009127
2.4062,-0.083889,-0.009127
2.4083,-0.08246,-0.0079365
2.4104,-0.081667,-0.0055556
2.4125,-0.082619,-0.0027778
2.4146,-0.085,0.00055556
2.4167,-0.087063,0.00031746
2.4188,-0.088492,-0.0042857
2.4208,-0.088651,-0.0061905
2.4229,-0.088333,-0.0061905
2.425,-0.088175,-0.0042857
2.4271,-0.087937,2.6671e-17
2.4292,-0.089127,0.00071429
2.4312,-0.091111,-0.0016667
2.4333,-0.093254,-0.0033333
2.4354,-0.095397,-0.0047619
2.4375,-0.095238,-0.0054762
2.4396,-0.093333,-0.0054762
2.4417,-0.09119,-0.0047619
2.4438,-0.090476,-0.0033333
2.4458,-0.09119,-0.0016667
2.4479,-0.093333,0.0002381
2.45,-0.095556,0.0002381
2.4521,-0.095079,-0.0016667
2.4542,-0.092222,-0.0033333
2.4562,-0.089444,-0.0047619
2.4583,-0.087063,-0.0054762
2.4604,-0.085556,-0.005
2.4625,-0.086825,-0.005
2.4646,-0.087778,-0.005
2.4667,-0.088889,-0.005
2.4688,-0.089841,-0.005
2.4708,-0.090317,-0.005
2.4729,-0.09,-0.005
2.475,-0.09,-0.005
2.4771,-0.089841,-0.005
2.4792,-0.090079,-0.005
2.4813,-0.090556,-0.005
2.4833,-0.091111,-0.005
2.4854,-0.091587,-0.0054762
2.4875,-0.091825,-0.0047619
2.4896,-0.091667,-0.0033333
2.4917,-0.091667,-0.0016667
2.4937,-0.091032,-0.0002381
2.4958,-0.091984,0.00047619
2.4979,-0.093889,0
2.5,-0.096111,0
2.5021,-0.098016,0
2.5042,-0.098968,0
2.5063,-0.098333,0
2.5083,-0.098175,0
2.5104,-0.098413,0
2.5125,-0.098889,0
2.5146,-0.099444,0
2.5167,-0.10008,0
2.5187,-0.10008,0
2.5208,-0.099444,0
2.5229,-0.098889,0
2.525,-0.097778,0
2.5271,-0.098492,0
2.5292,-0.10056,0
2.5312,-0.10278,0
2.5333,-0.10484,0
2.5354,-0.10587,0
2.5375,-0.10429,0
2.5396,-0.10278,0
2.5417,-0.10087,0
2.5438,-0.10016,0
2.5458,-0.10079,0
2.5479,-0.10222,0
2.55,-0.10317,0
2.5521,-0.10365,0
2.5542,-0.10333,0
2.5562,-0.10333,0
2.5583,-0.10333,0
2.5604,-0.10333,0.00079365
2.5625,-0.10333,-0.00039683
2.5646,-0.10333,-0.0027778
2.5667,-0.10333,-0.0055556
2.5688,-0.10333,-0.0079365
2.5708,-0.10333,-0.009127
2.5729,-0.10333,-0.009127
2.575,-0.10365,-0.0079365
2.5771,-0.10317,-0.0055556
2.5792,-0.10222,-0.0027778
2.5812,-0.10111,0.00039683
2.5833,-0.10111,0.00055556
2.5854,-0.10111,-0.0022222
2.5875,-0.097143,-0.0064286
2.5896,-0.088016,-0.010952
2.5917,-0.081905,-0.013889
2.5938,-0.047381,-0.018333
2.5958,-0.0015873,-0.024524
2.5979,0.042619,-0.029841
2.6,0.076667,-0.034603
2.6021,0.090794,-0.036429
2.6042,0.08,-0.035
2.6063,0.08,-0.035
2.6083,0.08,-0.035
2.6104,0.08,-0.035
2.6125,0.08,-0.035
2.6146,0.08,-0.034048
2.6167,0.08,-0.035952
2.6187,0.08,-0.038095
2.6208,0.08,-0.04
2.6229,0.076825,-0.04119
2.625,0.078095,-0.040714
2.6271,0.092381,-0.039286
2.6292,0.11357,-0.041905
2.6313,0.13746,-0.045
2.6333,0.15706,-0.048095
2.6354,0.16976,-0.050238
2.6375,0.18079,-0.050476
2.6396,0.19397,-0.05
2.6417,0.2027,-0.05
2.6437,0.20738,-0.050476
2.6458,0.20738,-0.049762
2.6479,0.20238,-0.048333
2.65,0.19397,-0.046667
2.6521,0.18151,-0.045238
2.6542,0.16929,-0.044524
2.6562,0.17143,-0.045
2.6583,0.16302,-0.045
2.6604,0.12056,-0.045
2.6625,0.062778,-0.045
2.6646,0.0049206,-0.045
2.6667,-0.034127,-0.045
2.6688,-0.036429,-0.045
2.6708,-0.028333,-0.045476
2.6729,-0.028333,-0.045238
2.675,-0.029444,-0.043095
2.6771,-0.027778,-0.04
2.6792,-0.024444,-0.036905
2.6812,-0.020556,-0.034286
2.6833,-0.017222,-0.034762
2.6854,-0.015556,-0.036667
2.6875,-0.016667,-0.03881
2.6896,-0.016667,-0.039524
2.6917,-0.012698,-0.03881
2.6938,-0.016587,-0.036667
2.6958,-0.031587,-0.035238
2.6979,-0.051667,-0.034524
2.7,-0.070794,-0.035
2.7021,-0.082937,-0.035
2.7042,-0.081587,-0.035
2.7062,-0.079762,-0.035
2.7083,-0.081746,-0.035476
2.7104,-0.085079,-0.034762
2.7125,-0.088651,-0.033333
2.7146,-0.091349,-0.03119
2.7167,-0.092063,-0.030952
2.7188,-0.091984,-0.030952
2.7208,-0.091587,-0.032143
2.7229,-0.091111,-0.03119
2.725,-0.090556,-0.029048
2.7271,-0.090079,-0.02619
2.7292,-0.089841,-0.024762
2.7313,-0.09,-0.024762
2.7333,-0.090476,-0.026667
2.7354,-0.089921,-0.028333
2.7375,-0.088254,-0.029762
2.7396,-0.086111,-0.030476
2.7417,-0.084127,-0.030794
2.7437,-0.082937,-0.029603
2.7458,-0.083175,-0.027222
2.7479,-0.083651,-0.023651
2.75,-0.083175,-0.023254
2.7521,-0.083175,-0.023254
2.7542,-0.080635,-0.025079
2.7563,-0.076825,-0.02373
2.7583,-0.072063,-0.020635
2.7604,-0.070635,-0.016429
2.7625,-0.07254,-0.014841
2.7646,-0.077778,-0.014603
2.7667,-0.081746,-0.016667
2.7687,-0.084921,-0.018333
2.7708,-0.083254,-0.019762
2.7729,-0.080556,-0.020952
2.775,-0.077778,-0.019762
2.7771,-0.074921,-0.018333
2.7792,-0.074444,-0.016667
2.7812,-0.076667,-0.015238
2.7833,-0.078333,-0.014524
2.7854,-0.080238,-0.015
2.7875,-0.080238,-0.015
2.7896,-0.078333,-0.015
2.7917,-0.076667,-0.015
2.7938,-0.075397,-0.015
2.7958,-0.074444,-0.015
2.7979,-0.074444,-0.015
2.8,-0.073889,-0.015
2.8021,-0.07373,-0.015
2.8042,-0.073016,-0.015
2.8062,-0.072222,-0.015476
2.8083,-0.071111,-0.014762
2.8104,-0.070159,-0.013333
2.8125,-0.069683,-0.011667
2.8146,-0.07,-0.0097619
2.8167,-0.07,-0.010238
2.8188,-0.070952,-0.010952
2.8208,-0.069524,-0.012381
2.8229,-0.066667,-0.012857
2.825,-0.063333,-0.012381
2.8271,-0.060476,-0.010476
2.8292,-0.058571,-0.010952
2.8312,-0.060238,-0.01119
2.8333,-0.061667,-0.013333
2.8354,-0.06381,-0.014762
2.8375,-0.064524,-0.015476
2.8396,-0.06381,-0.015
2.8417,-0.06119,-0.015
2.8438,-0.060476,-0.015
2.8458,-0.06119,-0.015
2.8479,-0.063333,-0.015
2.85,-0.064762,-0.015
2.8521,-0.067381,-0.015
2.8542,-0.064048,-0.015
2.8563,-0.058333,-0.015
2.8583,-0.051667,-0.015
2.8604,-0.046587,-0.014206
2.8625,-0.042778,-0.015397
2.8646,-0.042778,-0.017778
2.8667,-0.041349,-0.020556
2.8687,-0.038254,-0.022937
2.8708,-0.034921,-0.024127
2.8729,-0.032778,-0.023333
2.875,-0.030397,-0.02381
2.8771,-0.029206,-0.023095
2.8792,-0.03,-0.021667
2.8813,-0.03,-0.019524
2.8833,-0.03,-0.019286
2.8854,-0.030476,-0.019286
2.8875,-0.029762,-0.02
2.8896,-0.028333,-0.019762
2.8917,-0.026667,-0.019048
2.8937,-0.024762,-0.017857
2.8958,-0.024762,-0.018333
2.8979,-0.026667,-0.018333
2.9,-0.028333,-0.018333
2.9021,-0.029762,-0.018333
2.9042,-0.030476,-0.018333
2.9062,-0.03,-0.018333
2.9083,-0.03,-0.018333
2.9104,-0.03,-0.018333
2.9125,-0.03,-0.018333
2.9146,-0.03,-0.018333
2.9167,-0.029841,-0.018333
2.9188,-0.030079,-0.018333
2.9208,-0.030714,-0.018333
2.9229,-0.031032,-0.018333
2.925,-0.031032,-0.018333
2.9271,-0.030556,-0.018175
2.9292,-0.030159,-0.018413
2.9312,-0.030397,-0.018889
2.9333,-0.031111,-0.019444
2.9354,-0.031746,-0.019921
2.9375,-0.031746,-0.020159
2.9396,-0.031111,-0.02
2.9417,-0.030556,-0.020317
2.9438,-0.030079,-0.019841
2.9458,-0.029841,-0.018889
2.9479,-0.03,-0.01746
2.95,-0.03,-0.017302
2.9521,-0.030159,-0.017302
2.9542,-0.029921,-0.017937
2.9562,-0.029444,-0.01754
2.9583,-0.028889,-0.016587
2.9604,-0.027778,-0.015079
2.9625,-0.028492,-0.015159
2.9646,-0.030556,-0.015397
2.9667,-0.032778,-0.016111
2.9688,-0.035159,-0.016587
2.9708,-0.035397,-0.016825
2.9729,-0.033333,-0.016825
2.975,-0.03119,-0.016587
2.9771,-0.030476,-0.016111
2.9792,-0.030714,-0.015556
2.9813,-0.033571,-0.014921
2.9833,-0.036429,-0.015079
2.9854,-0.03881,-0.015476
2.9875,-0.039762,-0.015556
2.9896,-0.040476,-0.015476
2.9917,-0.039048,-0.015238
2.9937,-0.040476,-0.014841
2.9958,-0.043333,-0.015
2.9979,-0.046667,-0.015
3,-0.049524,-0.015
3.0021,-0.051746,-0.015
3.0042,-0.049603,-0.015
3.0063,-0.047222,-0.015476
3.0083,-0.044444,-0.014762
3.0104,-0.041587,-0.013333
3.0125,-0.041111,-0.011667
3.0146,-0.043333,-0.0097619
3.0167,-0.045476,-0.010238
3.0187,-0.04619,-0.011429
3.0208,-0.045476,-0.012143
3.0229,-0.043333,-0.01119
3.025,-0.041429,-0.0090476
3.0271,-0.041111,-0.0061905
3.0292,-0.043492,-0.0052381
3.0312,-0.046111,-0.0045238
3.0333,-0.048651,-0.005
3.0354,-0.050635,-0.005
3.0375,-0.050159,-0.005
3.0396,-0.048889,-0.005
3.0417,-0.04746,-0.005
3.0438,-0.046667,-0.005
3.0458,-0.047619,-0.005
3.0479,-0.05,-0.005
3.05,-0.052381,-0.005
3.0521,-0.053333,-0.005
3.0542,-0.05254,-0.005
3.0562,-0.051111,-0.005
3.0583,-0.050159,-0.005
3.0604,-0.049206,-0.005
3.0625,-0.050238,-0.005
3.0646,-0.051667,-0.005
3.0667,-0.053333,-0.005
3.0688,-0.054762,-0.005
3.0708,-0.055476,-0.005
3.0729,-0.055,-0.0054762
3.075,-0.055,-0.0047619
3.0771,-0.055,-0.0033333
3.0792,-0.055,-0.0016667
3.0812,-0.055,0.0002381
3.0833,-0.055,0.0002381
3.0854,-0.055,-0.0021429
3.0875,-0.055,-0.0030952
3.0896,-0.055,-0.0030952
3.0917,-0.054524,-0.0021429
3.0938,-0.054762,-0.0002381
3.0958,-0.056905,0.00047619
3.0979,-0.06,0
3.1,-0.063095,0
3.1021,-0.065714,0
3.1042,-0.065238,0
3.1063,-0.063333,0
3.1083,-0.061667,0
3.1104,-0.059762,0
3.1125,-0.059762,0
3.1146,-0.061667,0
3.1167,-0.06381,0
3.1187,-0.064524,0
3.1208,-0.06381,0
3.1229,-0.061667,0
3.125,-0.060238,0
3.1271,-0.059048,0
3.1292,-0.060238,0
3.1313,-0.061667,0
3.1333,-0.063333,0
3.1354,-0.064762,0
3.1375,-0.065476,0
3.1396,-0.065,0
3.1417,-0.065,0
3.1437,-0.065,0
3.1458,-0.065,0
3.1479,-0.065,0
3.15,-0.065635,0
3.1521,-0.064683,0
3.1542,-0.062778,-0.00047619
3.1562,-0.060556,0.0002381
3.1583,-0.058651,0.0016667
3.1604,-0.057063,0.0033333
3.1625,-0.058651,0.0047619
3.1646,-0.060556,0.0054762
3.1667,-0.062778,0.005
3.1688,-0.064683,0.005
3.1708,-0.066111,0.005
3.1729,-0.064762,0.005
3.175,-0.062857,0.005
3.1771,-0.061905,0.005
3.1792,-0.061905,0.005
3.1812,-0.062857,0.005
3.1833,-0.064762,0.005
3.1854,-0.065476,0.0054762
3.1875,-0.065,0.0047619
3.1896,-0.065,0.0033333
3.1917,-0.065,0.0016667
3.1938,-0.065,0.0002381
3.1958,-0.065,-0.00047619
3.1979,-0.065,1.6769e-16
3.2,-0.065,2.3956e-17
3.2021,-0.065,-4.7911e-17
3.2042,-0.065,0
3.2062,-0.065,0
3.2083,-0.065,0
3.2104,-0.064524,0
3.2125,-0.065238,0
3.2146,-0.066667,0
3.2167,-0.068333,0
3.2188,-0.070238,-1.0144e-16
3.2208,-0.070238,5.072e-17
3.2229,-0.068333,3.5504e-16
3.225,-0.066667,7.1008e-16
3.2271,-0.065238,1.1158e-15
3.2292,-0.064524,1.1158e-15
3.2312,-0.065,7.1008e-16
3.2333,-0.065,3.5504e-16
3.2354,-0.065,5.072e-17
3.2375,-0.065476,-1.0144e-16
3.2396,-0.064762,0
3.2417,-0.063333,0
3.2437,-0.061667,0
3.2458,-0.059762,0
3.2479,-0.059762,0
3.25,-0.061667,0
3.2521,-0.063333,0
3.2542,-0.064762,0
3.2563,-0.065476,0
3.2583,-0.065,0
3.2604,-0.064841,0
3.2625,-0.065079,0
3.2646,-0.065556,0
3.2667,-0.066111,0
3.2687,-0.066587,0
3.2708,-0.066825,0
3.2729,-0.066667,-4.7911e-17
3.275,-0.066667,2.3956e-17
3.2771,-0.066825,1.6769e-16
3.2792,-0.066587,3.3538e-16
3.2812,-0.066111,5.2703e-16
3.2833,-0.065873,4.7911e-16
3.2854,-0.065079,-0.00047619
3.2875,-0.063651,0.0002381
3.2896,-0.062222,0.0016667
3.2917,-0.060714,0.0033333
3.2937,-0.059603,0.0053968
3.2958,-0.059603,0.0051587
3.2979,-0.060714,0.0027778
3.3,-0.062222,0.00055556
3.3021,-0.06381,-0.0013492
3.3042,-0.065,-0.0023016
3.3062,-0.065317,-0.0018254
3.3083,-0.065,-0.0019048
3.3104,-0.065,-0.00095238
3.3125,-0.065,0.00055556
3.3146,-0.065,0.0021429
3.3167,-0.065,0.0033333
3.3188,-0.066429,0.0034921
3.3208,-0.066667,0.0034127
3.3229,-0.060714,0.0038889
3.325,-0.05127,0.0044444
3.3271,-0.024603,0.0049206
3.3292,0.0080159,0.0051587
3.3312,0.035317,0.005
3.3333,0.05246,0.005
3.3354,0.058889,0.005
3.3375,0.053333,0.005
3.3396,0.053333,0.0045238
3.3417,0.053333,0.0052381
3.3438,0.053333,0.0066667
3.3458,0.053333,0.0083333
3.3479,0.053333,0.010238
3.35,0.053333,0.010238
3.3521,0.053333,0.0078571
3.3542,0.053333,0.0069048
3.3562,0.050476,0.0069048
3.3583,0.051746,0.0078571
3.3604,0.064524,0.0097619
3.3625,0.08373,0.010952
3.3646,0.10429,0.0097619
3.3667,0.11937,0.0083333
3.3687,0.12357,0.0066667
3.3708,0.12294,0.0052381
3.3729,0.12421,0.0045238
3.375,0.12484,0.005
3.3771,0.12532,0.005
3.3792,0.125,0.005
3.3813,0.125,0.005
3.3833,0.125,0.005
3.3854,0.12468,0.0045238
3.3875,0.125,0.0052381
3.3896,0.12619,0.0066667
3.3917,0.12778,0.0083333
3.3937,0.12929,0.0097619
3.3958,0.13024,0.010476
3.3979,0.13016,0.01
3.4,0.13,0.01
3.4021,0.13,0.01
3.4042,0.13,0.01
3.4062,0.13,0.01
3.4083,0.13,0.0095238
3.4104,0.13,0.010238
3.4125,0.13,0.011667
3.4146,0.13,0.01381
3.4167,0.13,0.014524
3.4187,0.13,0.013333
3.4208,0.13,0.011905
3.4229,0.13,0.011905
3.425,0.13,0.012857
3.4271,0.12952,0.014762
3.4292,0.13024,0.015476
3.4312,0.13103,0.015
3.4333,0.13317,0.015
3.4354,0.13643,0.015
3.4375,0.14198,0.015
3.4396,0.14746,0.015
3.4417,0.15262,0.015
3.4438,0.15524,0.015
3.4458,0.15571,0.015
3.4479,0.15444,0.015
3.45,0.15389,0.015
3.4521,0.15325,0.015
3.4542,0.15325,0.014524
3.4562,0.15389,0.015238
3.4583,0.15444,0.016667
3.4604,0.15508,0.018333
3.4625,0.1554,0.020238
3.4646,0.15429,0.020238
3.4667,0.15278,0.018333
3.4688,0.15087,0.016667
3.4708,0.15016,0.015238
3.4729,0.15079,0.014048
3.475,0.15254,0.015238
3.4771,0.15302,0.016667
3.4792,0.15254,0.018333
3.4812,0.15111,0.020556
3.4833,0.15063,0.020079
3.4854,0.14944,0.017222
3.4875,0.14833,0.014127
3.4896,0.14667,0.012222
3.4917,0.14524,0.011984
3.4937,0.14548,0.013889
3.4958,0.14452,0.015159
3.4979,0.14167,0.015159
3.5,0.13833,0.013889
3.5021,0.13452,0.012778
3.5042,0.13452,0.011825
3.5063,0.13976,0.011032
3.5083,0.14143,0.011667
3.5104,0.13976,0.012857
3.5125,0.13405,0.014444
3.5146,0.12667,0.016111
3.5167,0.12095,0.016825
3.5187,0.11595,0.016111
3.5208,0.10952,0.015635
3.5229,0.10381,0.015635
3.525,0.10048,0.015952
3.5271,0.1,0.016587
3.5292,0.096429,0.016825
3.5312,0.088095,0.016667
3.5333,0.080238,0.016667
3.5354,0.07119,0.016667
3.5375,0.064524,0.016667
3.5396,0.057381,0.016349
3.5417,0.049048,0.016825
3.5437,0.042143,0.017778
3.5458,0.04,0.018889
3.5479,0.039048,0.020159
3.55,0.04,0.020159
3.5521,0.04,0.018571
3.5542,0.04,0.017937
3.5562,0.04,0.017937
3.5583,0.04,0.018571
3.5604,0.04,0.019841
3.5625,0.04,0.020635
3.5646,0.04,0.019841
3.5667,0.04,0.018889
3.5688,0.04,0.017778
3.5708,0.04,0.016825
3.5729,0.04,0.016032
3.575,0.040476,0.016825
3.5771,0.039762,0.017778
3.5792,0.038333,0.018889
3.5812,0.036667,0.019841
3.5833,0.035397,0.020317
3.5854,0.034286,0.02
3.5875,0.034524,0.02
3.5896,0.034444,0.02
3.5917,0.034365,0.02
3.5938,0.034524,0.02
3.5958,0.035873,0.02
3.5979,0.037222,0.02
3.6,0.03881,0.02
3.6021,0.04,0.02
3.6042,0.040317,0.02
3.6062,0.04,0.02
3.6083,0.04,0.02
3.6104,0.04,0.02
3.6125,0.04,0.02
3.6146,0.04,0.020476
3.6167,0.04,0.019762
3.6187,0.039524,0.017857
3.6208,0.040238,0.016905
3.6229,0.041667,0.016905
3.625,0.04381,0.017857
3.6271,0.044524,0.020238
3.6292,0.04381,0.020238
3.6313,0.041667,0.018333
3.6333,0.040238,0.016667
3.6354,0.039524,0.015238
3.6375,0.04,0.014524
3.6396,0.04,0.015
3.6417,0.04,0.015
3.6437,0.04,0.015
3.6458,0.04,0.015
3.6479,0.04,0.015
3.65,0.04,0.015
3.6521,0.04,0.015
3.6542,0.04,0.015
3.6562,0.04,0.015
3.6583,0.04,0.015
3.6604,0.040159,0.015317
3.6625,0.040079,0.014841
3.6646,0.039365,0.013889
3.6667,0.038333,0.012778
3.6687,0.037143,0.011825
3.6708,0.036825,0.011349
3.6729,0.037143,0.011349
3.675,0.037143,0.011825
3.6771,0.036111,0.012778
3.6792,0.036032,0.013889
3.6812,0.036587,0.015159
3.6833,0.038175,0.015159
3.6854,0.039286,0.013571
3.6875,0.040714,0.012937
3.6896,0.041667,0.012937
3.6917,0.043333,0.013571
3.6938,0.044286,0.014841
3.6958,0.045714,0.015317
3.6979,0.046667,0.015
3.7,0.048333,0.015
3.7021,0.049762,0.015
3.7042,0.050476,0.015
3.7062,0.05,0.015
3.7083,0.05,0.015
3.7104,0.05,0.015
3.7125,0.05,0.015
3.7146,0.05,0.015
3.7167,0.05,0.015
3.7188,0.05,0.015
3.7208,0.05,0.015
3.7229,0.05,0.015
3.725,0.05,0.015
3.7271,0.05,0.015476
3.7292,0.05,0.014762
3.7312,0.05,0.013333
3.7333,0.05,0.011667
3.7354,0.05,0.010238
3.7375,0.05,0.0095238
3.7396,0.049524,0.0095238
3.7417,0.050238,0.010238
3.7437,0.051667,0.011667
3.7458,0.053492,0.013333
3.7479,0.054683,0.014762
3.75,0.054921,0.015476
3.7521,0.05373,0.015
3.7542,0.053016,0.015
3.7563,0.053968,0.015
3.7583,0.056111,0.015
3.7604,0.058254,0.015
3.7625,0.060397,0.015
3.7646,0.060238,0.015
3.7667,0.058333,0.015
3.7687,0.056667,0.015
3.7708,0.055238,0.015
3.7729,0.054524,0.015
3.775,0.055,0.015
3.7771,0.054524,0.015
3.7792,0.055238,0.015
3.7812,0.056667,0.015
3.7833,0.058333,0.015
3.7854,0.059762,0.015317
3.7875,0.060476,0.014841
3.7896,0.06,0.013889
3.7917,0.06,0.012778
3.7937,0.06,0.011984
3.7958,0.06,0.01127
3.7979,0.06,0.011111
3.8,0.06,0.010556
3.8021,0.06,0.010079
3.8042,0.06,0.0098413
3.8062,0.06,0.01
3.8083,0.06,0.01
3.8104,0.06,0.01
3.8125,0.06,0.01
3.8146,0.059683,0.01
3.8167,0.060159,0.01
3.8188,0.060952,0.01
3.8208,0.062302,0.01
3.8229,0.06373,0.01
3.825,0.064762,0.01
3.8271,0.064921,0.01
3.8292,0.065159,0.01
3.8312,0.065,0.01
3.8333,0.065,0.01
3.8354,0.064524,0.01
3.8375,0.065238,0.01
3.8396,0.066667,0.01
3.8417,0.068333,0.01
3.8438,0.069762,0.01
3.8458,0.070476,0.01
3.8479,0.07,0.01
3.85,0.07,0.01
3.8521,0.069683,0.01
3.8542,0.070159,0.01
3.8562,0.071111,0.01
3.8583,0.072222,0.01
3.8604,0.073492,0.01
3.8625,0.073492,0.01
3.8646,0.072222,0.01
3.8667,0.070794,0.01
3.8687,0.070159,0.01
3.8708,0.070873,0.01
3.8729,0.072778,0.01
3.875,0.074286,0.01
3.8771,0.075238,0.01
3.8792,0.075159,0.01
3.8813,0.075,0.01
3.8833,0.075,0.01
3.8854,0.075,0.01
3.8875,0.075,0.0098413
3.8896,0.075,0.010079
3.8917,0.075,0.010556
3.8937,0.075,0.011111
3.8958,0.075,0.011746
3.8979,0.075,0.011746
3.9,0.075,0.011111
3.9021,0.074841,0.010556
3.9042,0.075079,0.010079
3.9062,0.075556,0.0098413
3.9083,0.076111,0.0098413
3.9104,0.076587,0.010079
3.9125,0.076825,0.010556
3.9146,0.076667,0.01127
3.9167,0.076667,0.011349
3.9187,0.076032,0.011508
3.9208,0.076984,0.011032
3.9229,0.078889,0.010635
3.925,0.081111,0.010317
3.9271,0.083016,0.010238
3.9292,0.084286,0.0098413
3.9312,0.083175,0.01
3.9333,0.082222,0.01
3.9354,0.081111,0.01
3.9375,0.080159,0.01
3.9396,0.079683,0.01
3.9417,0.080476,0.01
3.9438,0.079762,0.01
3.9458,0.078333,0.01
3.9479,0.076667,0.01
3.95,0.075238,0.01
3.9521,0.074524,0.0098413
3.9542,0.075,0.0097619
3.9562,0.075,0.010714
3.9583,0.075,0.012222
3.9604,0.075,0.01381
3.9625,0.075,0.015317
3.9646,0.075,0.015159
3.9667,0.075,0.013889
3.9688,0.075,0.012778
3.9708,0.075,0.011825
3.9729,0.075,0.011032
3.975,0.075476,0.011825
3.9771,0.074921,0.012778
3.9792,0.073254,0.013889
3.9812,0.071111,0.015159
3.9833,0.069127,0.015159
3.9854,0.067778,0.013889
3.9875,0.068254,0.01246
3.9896,0.068889,0.011984
3.9917,0.069444,0.01246
3.9937,0.070079,0.013889
3.9958,0.070079,0.014841
3.9979,0.069444,0.015317
4,0.068889,0.015
4.0021,0.068254,0.015
4.0042,0.068254,0.015
4.0062,0.068889,0.015
4.0083,0.069444,0.014841
4.0104,0.070714,0.015079
4.0125,0.069762,0.015556
4.0146,0.067222,0.01627
4.0167,0.064444,0.016349
4.0187,0.061746,0.016508
4.0208,0.061032,0.016032
4.0229,0.062778,0.015635
4.025,0.063889,0.015317
4.0271,0.065476,0.015238
4.0292,0.065,0.014841
4.0312,0.062778,0.015
4.0333,0.060556,0.015
4.0354,0.058016,0.015
4.0375,0.058016,0.015
4.0396,0.060556,0.015
4.0417,0.062778,0.015
4.0438,0.065476,0.015
4.0458,0.065397,0.015
4.0479,0.062143,0.015
4.05,0.058889,0.015
4.0521,0.055794,0.014841
4.0542,0.054365,0.014762
4.0563,0.055397,0.015714
4.0583,0.05627,0.017222
4.0604,0.056508,0.01881
4.0625,0.05627,0.020317
4.0646,0.055556,0.020159
4.0667,0.055079,0.018889
4.0687,0.054524,0.017778
4.0708,0.055159,0.016825
4.0729,0.056111,0.016032
4.075,0.057222,0.016825
4.0771,0.058175,0.017778
4.0792,0.058651,0.018889
4.0812,0.058333,0.019841
4.0833,0.058333,0.020317
4.0854,0.058175,0.02
4.0875,0.057937,0.019524
4.0896,0.059127,0.020238
4.0917,0.061111,0.021667
4.0938,0.063254,0.023333
4.0958,0.064921,0.025238
4.0979,0.065476,0.025238
4.1,0.065,0.023333
4.1021,0.065,0.021667
4.1042,0.065,0.020238
4.1063,0.065,0.019524
4.1083,0.065,0.019683
4.1104,0.065,0.020159
4.1125,0.065476,0.021111
4.1146,0.064286,0.02254
4.1167,0.063571,0.022698
4.1188,0.063333,0.023016
4.1208,0.063571,0.022063
4.1229,0.064286,0.02127
4.125,0.065952,0.020635
4.1271,0.064762,0.020476
4.1292,0.063333,0.019683
4.1312,0.061667,0.02
4.1333,0.060238,0.02
4.1354,0.059048,0.02
4.1375,0.060238,0.02
4.1396,0.061667,0.02
4.1417,0.063333,0.019683
4.1437,0.064762,0.020159
4.1458,0.065476,0.021111
4.1479,0.065,0.02254
4.15,0.065,0.022698
4.1521,0.064841,0.02254
4.1542,0.065079,0.022302
4.1562,0.065556,0.022937
4.1583,0.06627,0.023968
4.1604,0.066508,0.025397
4.1625,0.06627,0.025079
4.1646,0.065556,0.024444
4.1667,0.064603,0.023889
4.1688,0.065079,0.023413
4.1708,0.066667,0.023175
4.1729,0.068333,0.023175
4.175,0.069762,0.023413
4.1771,0.070476,0.023889
4.1792,0.07,0.024444
4.1813,0.07,0.024921
4.1833,0.070159,0.025159
4.1854,0.069762,0.025
4.1875,0.069524,0.025
4.1896,0.069444,0.025
4.1917,0.069683,0.025
4.1937,0.07,0.025
4.1958,0.069444,0.025
4.1979,0.067778,0.025
4.2,0.06619,0.025
4.2021,0.064683,0.025
4.2042,0.064841,0.025
4.2062,0.066111,0.025
4.2083,0.06754,0.024683
4.2104,0.068016,0.025159
4.2125,0.06754,0.026111
4.2146,0.066111,0.02754
4.2167,0.065159,0.027698
4.2188,0.06373,0.02754
4.2208,0.065476,0.027302
4.2229,0.068333,0.027937
4.225,0.071667,0.028968
4.2271,0.075635,0.030397
4.2292,0.075397,0.030397
4.2313,0.071111,0.029286
4.2333,0.067222,0.027778
4.2354,0.06373,0.02619
4.2375,0.062302,0.025
4.2396,0.063889,0.024683
4.2417,0.064444,0.025
4.2438,0.064921,0.025
4.2458,0.065159,0.025
4.2479,0.065,0.025
4.25,0.065,0.025
4.2521,0.064365,0.025
4.2542,0.065317,0.025
4.2562,0.067222,0.025
4.2583,0.069444,0.025
4.2604,0.071349,0.025
4.2625,0.072302,0.025
4.2646,0.071667,0.025
4.2667,0.071349,0.025
4.2687,0.071349,0.025
4.2708,0.073016,0.025
4.2729,0.075556,0.025
4.275,0.078175,0.025
4.2771,0.080556,0.025
4.2792,0.080238,0.025
4.2812,0.077857,0.025
4.2833,0.07754,0.025
4.2854,0.076587,0.024048
4.2875,0.075635,0.025476
4.2896,0.075317,0.028333
4.2917,0.07619,0.031667
4.2938,0.072302,0.034524
4.2958,0.065794,0.036429
4.2979,0.056667,0.034762
4.3,0.048254,0.033333
4.3021,0.042619,0.031667
4.3042,0.044683,0.030238
4.3063,0.047381,0.029048
4.3083,0.049683,0.030238
4.3104,0.050794,0.031667
4.3125,0.050159,0.033333
4.3146,0.04754,0.034762
4.3167,0.044841,0.035476
4.3187,0.04254,0.035
4.3208,0.041032,0.034524
4.3229,0.04,0.035238
4.325,0.039683,0.036667
4.3271,0.040952,0.038333
4.3292,0.04,0.039762
4.3312,0.037381,0.040476
4.3333,0.031667,0.04
4.3354,0.024524,0.04
4.3375,0.015476,0.039524
4.3396,0.0083333,0.040238
4.3417,0.0038889,0.041667
4.3438,-0.00063492,0.043333
4.3458,-0.0053968,0.044762
4.3479,-0.0088889,0.045476
4.35,-0.012698,0.045
4.3521,-0.015873,0.045
4.3542,-0.012698,0.045
4.3563,-0.0088889,0.045
4.3583,-0.0044444,0.045
4.3604,-0.00063492,0.045
4.3625,0.0012698,0.045
4.3646,-1.4592e-15,0.045
4.3667,-1.1419e-15,0.045
4.3688,-1.0785e-15,0.045
4.3708,-8.2474e-16,0.044524
4.3729,-5.0753e-16,0.045238
4.375,-1.2688e-16,0.046667
4.3771,0.00063492,0.048333
4.3792,-0.00031746,0.049762
4.3812,-0.0022222,0.050476
4.3833,-0.0044444,0.05
4.3854,-0.0069841,0.05
4.3875,-0.0069841,0.05
4.3896,-0.0044444,0.05
4.3917,-0.0022222,0.05
4.3937,0.00031746,0.050476
4.3958,0.00031746,0.049762
4.3979,-0.0022222,0.048333
4.4,-0.004127,0.046667
4.4021,-0.0068254,0.045238
4.4042,-0.008254,0.044524
4.4062,-0.0077778,0.044524
4.4083,-0.0073016,0.045238
4.4104,-0.0068254,0.046667
4.4125,-0.0076984,0.048333
4.4146,-0.010556,0.050238
4.4167,-0.013175,0.050238
4.4188,-0.015556,0.047857
4.4208,-0.015238,0.046905
4.4229,-0.013333,0.046905
4.425,-0.011667,0.047857
4.4271,-0.0096032,0.049762
4.4292,-0.0098413,0.050476
4.4313,-0.012222,0.05
4.4333,-0.014444,0.05
4.4354,-0.016349,0.05
4.4375,-0.017302,0.05
4.4396,-0.016667,0.05
4.4417,-0.016508,0.05
4.4437,-0.016746,0.05
4.4458,-0.017222,0.05
4.4479,-0.017778,0.05
4.45,-0.018254,0.05
4.4521,-0.018492,0.05
4.4542,-0.018333,0.05
4.4562,-0.018333,0.05
4.4583,-0.018175,0.05
4.4604,-0.017937,0.05
4.4625,-0.019127,0.05
4.4646,-0.021111,0.05
4.4667,-0.023254,0.05
4.4688,-0.025397,0.05
4.4708,-0.025238,0.05
4.4729,-0.023333,0.05
4.475,-0.02119,0.05
4.4771,-0.02,0.05
4.4792,-0.021429,0.05
4.4813,-0.025,0.05
4.4833,-0.027778,0.05
4.4854,-0.030397,0.05
4.4875,-0.031587,0.05
4.4896,-0.032222,0.05
4.4917,-0.033016,0.05
4.4938,-0.03373,0.050476
4.4958,-0.033889,0.049762
4.4979,-0.034444,0.048333
4.5,-0.034444,0.046667
4.5021,-0.035873,0.045238
4.5042,-0.036429,0.044524
4.5062,-0.036667,0.044524
4.5083,-0.035952,0.045238
4.5104,-0.035952,0.046667
4.5125,-0.03619,0.048333
4.5146,-0.038333,0.050238
4.5167,-0.039762,0.050238
4.5187,-0.040476,0.047857
4.5208,-0.04,0.046905
4.5229,-0.04,0.046905
4.525,-0.04,0.047857
4.5271,-0.04,0.050238
4.5292,-0.04,0.050238
4.5312,-0.04,0.048333
4.5333,-0.04,0.046667
4.5354,-0.040159,0.045238
4.5375,-0.039921,0.044524
4.5396,-0.039444,0.044524
4.5417,-0.038889,0.045238
4.5438,-0.038413,0.046667
4.5458,-0.038175,0.048333
4.5479,-0.038333,0.050238
4.55,-0.038651,0.050238
4.5521,-0.038175,0.047857
4.5542,-0.037222,0.046905
4.5563,-0.036111,0.046905
4.5583,-0.035159,0.047857
4.5604,-0.034524,0.050714
4.5625,-0.035079,0.05
4.5646,-0.035556,0.046667
4.5667,-0.036111,0.043333
4.5687,-0.036746,0.040476
4.5708,-0.036746,0.039048
4.5729,-0.036111,0.039048
4.575,-0.035397,0.040476
4.5771,-0.034841,0.043333
4.5792,-0.035556,0.046667
4.5812,-0.037222,0.050476
4.5833,-0.039127,0.050476
4.5854,-0.039841,0.045714
4.5875,-0.039206,0.04381
4.5896,-0.037778,0.04381
4.5917,-0.036508,0.045714
4.5938,-0.036508,0.05
4.5958,-0.037778,0.050714
4.5979,-0.038889,0.048333
4.6,-0.039841,0.046667
4.6021,-0.040476,0.045238
4.6042,-0.039921,0.044524
4.6063,-0.039444,0.045
4.6083,-0.038889,0.045
4.6104,-0.037778,0.045
4.6125,-0.038492,0.045
4.6146,-0.040556,0.045
4.6167,-0.043254,0.045
4.6188,-0.044444,0.045
4.6208,-0.043968,0.045
4.6229,-0.041667,0.045
4.625,-0.039762,0.045
4.6271,-0.039603,0.045
4.6292,-0.041746,0.045
4.6312,-0.043889,0.045
4.6333,-0.045873,0.045
4.6354,-0.047222,0.045
4.6375,-0.046746,0.045
4.6396,-0.046111,0.045
4.6417,-0.045397,0.045
4.6437,-0.044048,0.045
4.6458,-0.045952,0.045
4.6479,-0.05,0.045
4.65,-0.055159,0.045
4.6521,-0.05754,0.045
4.6542,-0.056667,0.044524
4.6562,-0.052778,0.045238
4.6583,-0.049603,0.046667
4.6604,-0.049603,0.04881
4.6625,-0.052778,0.049524
4.6646,-0.055556,0.04881
4.6667,-0.057778,0.046667
4.6688,-0.059365,0.045238
4.6708,-0.05881,0.044048
4.6729,-0.058889,0.045238
4.675,-0.058651,0.046667
4.6771,-0.058333,0.048333
4.6792,-0.058889,0.049762
4.6813,-0.060556,0.050476
4.6833,-0.061984,0.05
4.6854,-0.063413,0.05
4.6875,-0.064206,0.05
4.6896,-0.064444,0.05
4.6917,-0.063968,0.05
4.6937,-0.065635,0.050476
4.6958,-0.068333,0.049762
4.6979,-0.072619,0.048333
4.7,-0.073095,0.046667
4.7021,-0.074048,0.045238
4.7042,-0.07119,0.044524
4.7062,-0.06881,0.044524
4.7083,-0.065952,0.045238
4.7104,-0.066905,0.046667
4.7125,-0.067381,0.048333
4.7146,-0.071667,0.050238
4.7167,-0.075635,0.050238
4.7188,-0.075397,0.047857
4.7208,-0.071111,0.046905
4.7229,-0.067222,0.046905
4.725,-0.062778,0.047857
4.7271,-0.062778,0.050238
4.7292,-0.067222,0.050238
4.7313,-0.071587,0.048333
4.7333,-0.074206,0.046667
4.7354,-0.074444,0.045238
4.7375,-0.071667,0.044524
4.7396,-0.070238,0.044524
4.7417,-0.069524,0.045238
4.7438,-0.07,0.046667
4.7458,-0.07,0.048333
4.7479,-0.07,0.050238
4.75,-0.07,0.050238
4.7521,-0.070476,0.047857
4.7542,-0.069762,0.046905
4.7562,-0.068333,0.046905
4.7583,-0.066667,0.047857
4.7604,-0.064762,0.049762
4.7625,-0.064762,0.050476
4.7646,-0.066667,0.05
4.7667,-0.068333,0.05
4.7687,-0.069762,0.05
4.7708,-0.070476,0.05
4.7729,-0.07,0.049524
4.775,-0.07,0.050238
4.7771,-0.07,0.051667
4.7792,-0.07,0.053333
4.7812,-0.07,0.055238
4.7833,-0.07,0.055238
4.7854,-0.07,0.052857
4.7875,-0.07,0.051905
4.7896,-0.07,0.051905
4.7917,-0.07,0.052857
4.7938,-0.07,0.055238
4.7958,-0.07,0.055238
4.7979,-0.07,0.053333
4.8,-0.070317,0.051667
4.8021,-0.069841,0.050238
4.8042,-0.068889,0.049524
4.8063,-0.067778,0.05
4.8083,-0.066825,0.05
4.8104,-0.066349,0.05
4.8125,-0.066667,0.05
4.8146,-0.066667,0.05
4.8167,-0.066825,0.05
4.8187,-0.066587,0.05
4.8208,-0.066111,0.05
4.8229,-0.065556,0.05
4.825,-0.065079,0.05
4.8271,-0.064365,0.05
4.8292,-0.065238,0.05
4.8312,-0.066667,0.05
4.8333,-0.068333,0.05
4.8354,-0.069762,0.05
4.8375,-0.070476,0.05
4.8396,-0.07,0.049524
4.8417,-0.07,0.050238
4.8438,-0.07,0.051667
4.8458,-0.07,0.053333
4.8479,-0.07,0.055238
4.85,-0.07,0.055238
4.8521,-0.07,0.052857
4.8542,-0.07,0.051905
4.8563,-0.07,0.051905
4.8583,-0.07,0.052857
4.8604,-0.07,0.054762
4.8625,-0.07,0.055476
4.8646,-0.070317,0.055
4.8667,-0.069524,0.055
4.8688,-0.069048,0.055
4.8708,-0.068889,0.055
4.8729,-0.069048,0.055
4.875,-0.069524,0.055
4.8771,-0.070317,0.055
4.8792,-0.07,0.055
4.8812,-0.07,0.055476
4.8833,-0.07,0.054762
4.8854,-0.070317,0.053333
4.8875,-0.069841,0.05119
4.8896,-0.068889,0.050476
4.8917,-0.06746,0.05119
4.8937,-0.066984,0.05381
4.8958,-0.06746,0.054524
4.8979,-0.069206,0.05381
4.9,-0.069841,0.051667
4.9021,-0.069127,0.050238
4.9042,-0.067222,0.049048
4.9062,-0.065714,0.050238
4.9083,-0.064603,0.051667
4.9104,-0.064921,0.053333
4.9125,-0.065556,0.054762
4.9146,-0.066111,0.055476
4.9167,-0.066587,0.055
4.9188,-0.067937,0.055
4.9208,-0.066111,0.055
4.9229,-0.062778,0.055
4.925,-0.058889,0.055
4.9271,-0.054921,0.055476
4.9292,-0.054206,0.054762
4.9313,-0.057222,0.053333
4.9333,-0.059444,0.051667
4.9354,-0.061984,0.050238
4.9375,-0.061984,0.049524
4.9396,-0.059444,0.05
4.9417,-0.056587,0.05
4.9437,-0.055635,0.05
4.9458,-0.056587,0.05
4.9479,-0.059444,0.05
4.95,-0.061349,0.05
4.9521,-0.062937,0.05
4.9542,-0.061349,0.05
4.9562,-0.059444,0.05
4.9583,-0.057222,0.05
4.9604,-0.055159,0.05
4.9625,-0.054444,0.05
4.9646,-0.055714,0.05
4.9667,-0.055873,0.05
4.9688,-0.05627,0.05
4.9708,-0.05619,0.05
4.9729,-0.055635,0.049524
4.975,-0.055159,0.050238
4.9771,-0.055317,0.051667
4.9792,-0.055397,0.053333
4.9813,-0.056111,0.055238
4.9833,-0.056587,0.055238
4.9854,-0.05746,0.052857
4.9875,-0.056349,0.051905
4.9896,-0.054444,0.051905
4.9917,-0.052222,0.052857
4.9938,-0.05,0.055714
4.9958,-0.049524,0.055
4.9979,-0.051429,0.051667
5,-0.052063,0.048333
5.0021,-0.052063,0.045476
5.0042,-0.051429,0.044048
5.0062,-0.050159,0.044524
5.0083,-0.049365,0.045238
5.0104,-0.050159,0.046667
5.0125,-0.051111,0.048333
5.0146,-0.052222,0.050238
5.0167,-0.053175,0.050238
5.0187,-0.053968,0.047857
5.0208,-0.053175,0.046905
5.0229,-0.052222,0.046905
5.025,-0.051111,0.047857
5.0271,-0.050159,0.049762
5.0292,-0.049683,0.050476
5.0312,-0.050476,0.05
5.0333,-0.050397,0.05
5.0354,-0.048016,0.05
5.0375,-0.044444,0.05
5.0396,-0.040794,0.05
5.0417,-0.038016,0.05
5.0438,-0.037778,0.05
5.0458,-0.038889,0.05
5.0479,-0.039444,0.05
5.05,-0.039921,0.05
5.0521,-0.040159,0.05
5.0542,-0.04,0.05
5.0563,-0.04,0.05
5.0583,-0.04,0.05
5.0604,-0.04,0.050476
5.0625,-0.04,0.049762
5.0646,-0.04,0.048333
5.0667,-0.04,0.046667
5.0687,-0.040476,0.045238
5.0708,-0.039762,0.044524
5.0729,-0.038333,0.044048
5.075,-0.03619,0.045476
5.0771,-0.035476,0.048333
5.0792,-0.03619,0.051667
5.0812,-0.038333,0.055476
5.0833,-0.040238,0.055476
5.0854,-0.040238,0.05119
5.0875,-0.038333,0.048571
5.0896,-0.036667,0.047143
5.0917,-0.035238,0.047381
5.0938,-0.034048,0.050238
5.0958,-0.035238,0.050238
5.0979,-0.036667,0.048333
5.1,-0.038333,0.046667
5.1021,-0.039762,0.045238
5.1042,-0.040476,0.044524
5.1063,-0.04,0.044524
5.1083,-0.039048,0.045238
5.1104,-0.040476,0.046667
5.1125,-0.043333,0.048333
5.1146,-0.046667,0.050238
5.1167,-0.050476,0.050238
5.1188,-0.050476,0.047857
5.1208,-0.046667,0.046905
5.1229,-0.043333,0.046905
5.125,-0.04,0.047857
5.1271,-0.039286,0.050238
5.1292,-0.041667,0.050238
5.1312,-0.043333,0.048333
5.1333,-0.045238,0.046667
5.1354,-0.046349,0.045238
5.1375,-0.042778,0.044524
5.1396,-0.037778,0.044524
5.1417,-0.031349,0.045238
5.1437,-0.028968,0.046667
5.1458,-0.031111,0.048333
5.1479,-0.036111,0.050238
5.15,-0.040556,0.050238
5.1521,-0.040873,0.047857
5.1542,-0.035952,0.046905
5.1562,-0.031111,0.046905
5.1583,-0.026667,0.047857
5.1604,-0.023413,0.049762
5.1625,-0.025,0.050476
5.1646,-0.027857,0.05
5.1667,-0.028492,0.05
5.1688,-0.030556,0.05
5.1708,-0.029524,0.05
5.1729,-0.025873,0.05
5.175,-0.021825,0.05
5.1771,-0.021746,0.05
5.1792,-0.022778,0.05
5.1813,-0.027778,0.05
5.1833,-0.031111,0.05
5.1854,-0.034048,0.05
5.1875,-0.031032,0.05
5.1896,-0.027222,0.05
5.1917,-0.022778,0.05
5.1937,-0.018333,0.050476
5.1958,-0.017381,0.049762
5.1979,-0.02119,0.048333
5.2,-0.021825,0.046667
5.2021,-0.023413,0.045238
5.2042,-0.023095,0.044524
5.2062,-0.020873,0.044048
5.2083,-0.018968,0.045476
5.2104,-0.019603,0.048333
5.2125,-0.019921,0.051667
5.2146,-0.022778,0.055317
5.2167,-0.024683,0.055556
5.2188,-0.026587,0.051429
5.2208,-0.024524,0.049841
5.2229,-0.021667,0.049841
5.225,-0.018333,0.051429
5.2271,-0.015,0.055397
5.2292,-0.014286,0.055397
5.2313,-0.017143,0.052222
5.2333,-0.017619,0.049444
5.2354,-0.018333,0.047063
5.2375,-0.01881,0.045873
5.2396,-0.018571,0.046349
5.2417,-0.019286,0.046825
5.2438,-0.020476,0.047778
5.2458,-0.02,0.048889
5.2479,-0.02,0.049841
5.25,-0.02,0.050317
5.2521,-0.02,0.05
5.2542,-0.02,0.05
5.2562,-0.02,0.05
5.2583,-0.02,0.05
5.2604,-0.019683,0.05
5.2625,-0.020159,0.05
5.2646,-0.021111,0.05
5.2667,-0.02254,0.05
5.2687,-0.023492,0.05
5.2708,-0.022302,0.05
5.2729,-0.019444,0.049524
5.275,-0.016349,0.050238
5.2771,-0.015159,0.051667
5.2792,-0.01619,0.053333
5.2812,-0.018333,0.055238
5.2833,-0.019762,0.055238
5.2854,-0.020476,0.052857
5.2875,-0.02,0.051905
5.2896,-0.02,0.051905
5.2917,-0.02,0.052857
5.2938,-0.02,0.055238
5.2958,-0.02,0.055238
5.2979,-0.020952,0.053333
5.3,-0.019048,0.051667
5.3021,-0.016905,0.050238
5.3042,-0.015,0.049524
5.3063,-0.01381,0.049524
5.3083,-0.013333,0.050238
5.3104,-0.015714,0.051667
5.3125,-0.016667,0.053333
5.3146,-0.018333,0.055238
5.3167,-0.020238,0.055238
5.3187,-0.020238,0.052857
5.3208,-0.018333,0.051905
5.3229,-0.016667,0.051905
5.325,-0.014762,0.052857
5.3271,-0.014762,0.055238
5.3292,-0.016667,0.055238
5.3312,-0.018333,0.053333
5.3333,-0.020238,0.051667
5.3354,-0.020238,0.050238
5.3375,-0.018333,0.049524
5.3396,-0.016667,0.049524
5.3417,-0.014762,0.050238
5.3438,-0.014762,0.051667
5.3458,-0.016667,0.053333
5.3479,-0.018333,0.055238
5.35,-0.020238,0.055238
5.3521,-0.020714,0.052857
5.3542,-0.018095,0.051905
5.3563,-0.015,0.051905
5.3583,-0.011905,0.052857
5.3604,-0.009127,0.055238
5.3625,-0.0098413,0.055238
5.3646,-0.012222,0.053333
5.3667,-0.015079,0.051667
5.3688,-0.016032,0.050238
5.3708,-0.015079,0.049524
5.3729,-0.012222,0.049524
5.375,-0.0096825,0.050238
5.3771,-0.0096825,0.051667
5.3792,-0.012222,0.053333
5.3812,-0.014444,0.055238
5.3833,-0.016349,0.055238
5.3854,-0.01746,0.052857
5.3875,-0.016587,0.051905
5.3896,-0.016111,0.051905
5.3917,-0.015556,0.052857
5.3937,-0.015079,0.055238
5.3958,-0.014841,0.055238
5.3979,-0.015,0.053333
5.4,-0.015,0.051667
5.4021,-0.016429,0.050238
5.4042,-0.014286,0.049524
5.4062,-0.01,0.049524
5.4083,-0.0035714,0.050238
5.4104,-0.0014286,0.051667
5.4125,-0.0035714,0.053333
5.4146,-0.01,0.055238
5.4167,-0.014286,0.055238
5.4188,-0.016429,0.052857
5.4208,-0.015,0.051905
5.4229,-0.015,0.051905
5.425,-0.015,0.052857
5.4271,-0.015,0.054762
5.4292,-0.015,0.055476
5.4313,-0.015,0.055
5.4333,-0.015,0.055
5.4354,-0.015,0.055
5.4375,-0.015,0.055
5.4396,-0.015,0.055
5.4417,-0.015,0.055
5.4437,-0.015,0.055
5.4458,-0.015,0.055
5.4479,-0.015,0.055
5.45,-0.015,0.055
5.4521,-0.015952,0.055
5.4542,-0.014524,0.055
5.4562,-0.011667,0.055
5.4583,-0.0083333,0.055
5.4604,-0.0040476,0.055476
5.4625,-0.0047619,0.054762
5.4646,-0.01,0.053333
5.4667,-0.016429,0.051667
5.4688,-0.018571,0.050238
5.4708,-0.016429,0.049524
5.4729,-0.01,0.05
5.475,-0.0042857,0.05
5.4771,-0.0042857,0.05
5.4792,-0.01,0.05
5.4813,-0.015,0.05
5.4833,-0.019286,0.05
5.4854,-0.021429,0.05
5.4875,-0.02,0.05
5.4896,-0.02,0.05
5.4917,-0.02,0.05
5.4938,-0.02,0.05
5.4958,-0.02,0.05
5.4979,-0.02,0.05
5.5,-0.02,0.05
5.5021,-0.02,0.05
5.5042,-0.02,0.05
5.5062,-0.02,0.05
5.5083,-0.019365,0.05
5.5104,-0.020159,0.05
5.5125,-0.022302,0.05
5.5146,-0.025,0.05
5.5167,-0.02746,0.05
5.5187,-0.028889,0.05
5.5208,-0.028492,0.05
5.5229,-0.028333,0.05
5.525,-0.028175,0.05
5.5271,-0.028413,0.05
5.5292,-0.028889,0.05
5.5312,-0.029444,0.05
5.5333,-0.030079,0.05
5.5354,-0.030397,0.05
5.5375,-0.029286,0.05
5.5396,-0.027778,0.05
5.5417,-0.02619,0.05
5.5438,-0.025,0.05
5.5458,-0.024683,0.05
5.5479,-0.025,0.05
5.55,-0.025,0.05
5.5521,-0.025,0.05
5.5542,-0.025,0.05
5.5563,-0.025,0.05
5.5583,-0.025,0.05
5.5604,-0.025,0.05
5.5625,-0.025,0.05
5.5646,-0.025794,0.05
5.5667,-0.02381,0.05
5.5687,-0.023095,0.05
5.5708,-0.021984,0.05
5.5729,-0.020952,0.05
5.575,-0.02,0.05
5.5771,-0.02127,0.05
5.5792,-0.02119,0.05
5.5812,-0.023333,0.05
5.5833,-0.025238,0.05
5.5854,-0.025238,0.05
5.5875,-0.023333,0.05
5.5896,-0.021667,0.05
5.5917,-0.019762,0.05
5.5938,-0.019762,0.05
5.5958,-0.021667,0.05
5.5979,-0.023333,0.05
5.6,-0.024762,0.05
5.6021,-0.025952,0.05
5.6042,-0.024762,0.05
5.6063,-0.023333,0.05
5.6083,-0.02119,0.05
5.6104,-0.020476,0.05
5.6125,-0.02119,0.05
5.6146,-0.023333,0.05
5.6167,-0.025238,0.05
5.6188,-0.025238,0.05
5.6208,-0.023333,0.05
5.6229,-0.021667,0.05
5.625,-0.020238,0.05
5.6271,-0.019524,0.05
5.6292,-0.02,0.05
5.6312,-0.02,0.05
5.6333,-0.02,0.05
5.6354,-0.02,0.05
5.6375,-0.02,0.05
5.6396,-0.02,0.05
5.6417,-0.02,0.05
5.6437,-0.019841,0.05
5.6458,-0.020079,0.05
5.6479,-0.020556,0.05
5.65,-0.02127,0.05
5.6521,-0.021508,0.05
5.6542,-0.02127,0.05
5.6562,-0.020556,0.05
5.6583,-0.019921,0.05
5.6604,-0.019921,0.050476
5.6625,-0.020556,0.049762
5.6646,-0.021111,0.048333
5.6667,-0.021587,0.046667
5.6688,-0.022143,0.045238
5.6708,-0.021508,0.044524
5.6729,-0.020556,0.045
5.675,-0.019444,0.045
5.6771,-0.018492,0.045
5.6792,-0.018016,0.045
5.6813,-0.018333,0.045476
5.6833,-0.018333,0.044762
5.6854,-0.018333,0.042857
5.6875,-0.018333,0.041429
5.6896,-0.018333,0.042143
5.6917,-0.018333,0.044524
5.6937,-0.018333,0.048571
5.6958,-0.018333,0.05
5.6979,-0.018333,0.04881
5.7,-0.017698,0.046667
5.7021,-0.018651,0.045238
5.7042,-0.020556,0.044048
5.7062,-0.022778,0.045238
5.7083,-0.024683,0.046667
5.7104,-0.025635,0.048333
5.7125,-0.025,0.049762
5.7146,-0.025,0.050476
5.7167,-0.025,0.05
5.7188,-0.025,0.05
5.7208,-0.025,0.05
5.7229,-0.025,0.05
5.725,-0.025,0.05
5.7271,-0.025,0.050476
5.7292,-0.025,0.049762
5.7313,-0.025,0.048333
5.7333,-0.025476,0.046667
5.7354,-0.025238,0.045238
5.7375,-0.023095,0.044524
5.7396,-0.02,0.044524
5.7417,-0.016429,0.045238
5.7438,-0.015,0.046667
5.7458,-0.01619,0.048333
5.7479,-0.018333,0.050238
5.75,-0.020238,0.050238
5.7521,-0.020238,0.047857
5.7542,-0.018333,0.046905
5.7562,-0.016667,0.046905
5.7583,-0.015238,0.047857
5.7604,-0.013413,0.050714
5.7625,-0.015556,0.05
5.7646,-0.018889,0.046667
5.7667,-0.022778,0.043333
5.7687,-0.027222,0.040476
5.7708,-0.027222,0.039048
5.7729,-0.022778,0.039048
5.775,-0.017778,0.040476
5.7771,-0.016111,0.043333
5.7792,-0.017778,0.046667
5.7812,-0.022778,0.05
5.7833,-0.027222,0.050714
5.7854,-0.027222,0.047857
5.7875,-0.022778,0.046905
5.7896,-0.018889,0.046905
5.7917,-0.015556,0.047857
5.7938,-0.013413,0.050238
5.7958,-0.015238,0.050238
5.7979,-0.016667,0.048333
5.8,-0.018333,0.046667
5.8021,-0.020714,0.045238
5.8042,-0.02,0.044524
5.8063,-0.016667,0.044524
5.8083,-0.012381,0.045238
5.8104,-0.010952,0.046667
5.8125,-0.012381,0.048333
5.8146,-0.016667,0.049762
5.8167,-0.020476,0.050476
5.8187,-0.020476,0.05
5.8208,-0.016667,0.05
5.8229,-0.013333,0.05
5.825,-0.010476,0.05
5.8271,-0.0080952,0.05
5.8292,-0.010476,0.05
5.8312,-0.013333,0.05
5.8333,-0.015714,0.05
5.8354,-0.020952,0.05
5.8375,-0.02381,0.05
5.8396,-0.023333,0.05
5.8417,-0.021905,0.05
5.8438,-0.021905,0.05
5.8458,-0.022381,0.05
5.8479,-0.026667,0.05
5.85,-0.030476,0.05
5.8521,-0.030476,0.05
5.8542,-0.026667,0.05
5.8563,-0.023333,0.05
5.8583,-0.019524,0.05
5.8604,-0.019524,0.05
5.8625,-0.023333,0.05
5.8646,-0.027778,0.05
5.8667,-0.02881,0.05
5.8688,-0.027302,0.05
5.8708,-0.022698,0.05
5.8729,-0.019444,0.049524
5.875,-0.01754,0.050238
5.8771,-0.018651,0.051667
5.8792,-0.01873,0.053333
5.8812,-0.019444,0.055238
5.8833,-0.020079,0.054762
5.8854,-0.020079,0.053571
5.8875,-0.019444,0.053333
5.8896,-0.018889,0.053571
5.8917,-0.018254,0.054286
5.8937,-0.018254,0.055952
5.8958,-0.018889,0.054762
5.8979,-0.019444,0.053333
5.9,-0.019921,0.051667
5.9021,-0.020635,0.050238
5.9042,-0.019762,0.049524
5.9062,-0.018333,0.05
5.9083,-0.01619,0.05
5.9104,-0.015476,0.05
5.9125,-0.01619,0.05
5.9146,-0.018333,0.05
5.9167,-0.020238,0.05
5.9188,-0.020238,0.05
5.9208,-0.018333,0.05
5.9229,-0.016667,0.05
5.925,-0.015238,0.05
5.9271,-0.014206,0.05
5.9292,-0.015159,0.05
5.9313,-0.016111,0.05
5.9333,-0.017222,0.05
5.9354,-0.018175,0.05
5.9375,-0.018651,0.05
5.9396,-0.018333,0.049524
5.9417,-0.018175,0.050238
5.9437,-0.018413,0.051667
5.9458,-0.018889,0.053333
5.9479,-0.019444,0.055238
5.95,-0.020079,0.055238
5.9521,-0.020079,0.052857
5.9542,-0.019444,0.051905
5.9562,-0.018889,0.051905
5.9583,-0.018254,0.052857
5.9604,-0.018254,0.055238
5.9625,-0.018889,0.055238
5.9646,-0.019444,0.053333
5.9667,-0.020873,0.051667
5.9688,-0.019683,0.050238
5.9708,-0.016667,0.049524
5.9729,-0.013333,0.049524
5.975,-0.0095238,0.050238
5.9771,-0.0095238,0.051667
5.9792,-0.013333,0.053333
5.9813,-0.016667,0.055238
5.9833,-0.019683,0.055238
5.9854,-0.020873,0.052857
5.9875,-0.019444,0.051905
5.9896,-0.018889,0.051905
5.9917,-0.017302,0.052857
5.9938,-0.01873,0.055238
5.9958,-0.022222,0.055238
5.9979,-0.026111,0.053333
6,-0.030397,0.051667
6.0021,-0.030794,0.050238
6.0042,-0.026587,0.049524
6.0062,-0.022778,0.05
6.0083,-0.019206,0.05
6.0104,-0.017063,0.05
6.0125,-0.018968,0.05
6.0146,-0.021111,0.05
6.0167,-0.023254,0.05
6.0187,-0.024921,0.05
6.0208,-0.025476,0.05
6.0229,-0.025,0.05
6.025,-0.025,0.05
6.0271,-0.025,0.05
6.0292,-0.025,0.05
6.0312,-0.025,0.05
6.0333,-0.025,0.05
6.0354,-0.025,0.05
6.0375,-0.025,0.05
6.0396,-0.025,0.05
6.0417,-0.025,0.05
6.0438,-0.025,0.05
6.0458,-0.025,0.05
6.0479,-0.025159,0.05
6.05,-0.025238,0.05
6.0521,-0.024286,0.05
6.0542,-0.022778,0.05
6.0563,-0.02119,0.05
6.0583,-0.02,0.05
6.0604,-0.019048,0.05
6.0625,-0.020317,0.05
6.0646,-0.022222,0.05
6.0667,-0.024444,0.05
6.0687,-0.027937,0.05
6.0708,-0.026508,0.05
6.0729,-0.021111,0.05
6.075,-0.013968,0.05
6.0771,-0.011587,0.05
6.0792,-0.013968,0.05
6.0812,-0.021111,0.05
6.0833,-0.026984,0.05
6.0854,-0.027698,0.05
6.0875,-0.022778,0.05
6.0896,-0.018889,0.05
6.0917,-0.015556,0.05
6.0938,-0.013254,0.050476
6.0958,-0.015317,0.049762
6.0979,-0.017222,0.048333
6.1,-0.019444,0.046667
6.1021,-0.021984,0.045238
6.1042,-0.021984,0.044524
6.1063,-0.019444,0.044524
6.1083,-0.016587,0.045238
6.1104,-0.015635,0.046667
6.1125,-0.016587,0.048333
6.1146,-0.019444,0.050238
6.1167,-0.021667,0.050238
6.1188,-0.022143,0.047857
6.1208,-0.020556,0.046905
6.1229,-0.019444,0.046905
6.125,-0.018492,0.047857
6.1271,-0.018016,0.050238
6.1292,-0.018333,0.050238
6.1312,-0.018333,0.048333
6.1333,-0.018175,0.046667
6.1354,-0.018571,0.045238
6.1375,-0.01881,0.044524
6.1396,-0.018889,0.044048
6.1417,-0.018651,0.045476
6.1437,-0.018651,0.048333
6.1458,-0.01873,0.051667
6.1479,-0.019444,0.055476
6.15,-0.020397,0.055476
6.1521,-0.019921,0.050714
6.1542,-0.018333,0.04881
6.1562,-0.016667,0.04881
6.1583,-0.015238,0.050714
6.1604,-0.014524,0.055
6.1625,-0.015,0.055714
6.1646,-0.015,0.053333
6.1667,-0.015,0.051667
6.1688,-0.015,0.050238
6.1708,-0.015,0.049524
6.1729,-0.015,0.05
6.175,-0.015,0.05
6.1771,-0.015,0.05
6.1792,-0.015,0.05
6.1813,-0.015,0.05
6.1833,-0.014524,0.05
6.1854,-0.015714,0.05
6.1875,-0.016429,0.05
6.1896,-0.016667,0.05
6.1917,-0.015952,0.05
6.1937,-0.015952,0.05
6.1958,-0.01619,0.05
6.1979,-0.01881,0.05
6.2,-0.019524,0.05
6.2021,-0.01881,0.05
6.2042,-0.016667,0.05
6.2062,-0.015238,0.05
6.2083,-0.014524,0.05
6.2104,-0.015,0.05
6.2125,-0.015,0.05
6.2146,-0.015,0.05
6.2167,-0.015635,0.05
6.2188,-0.014683,0.05
6.2208,-0.012778,0.05
6.2229,-0.010556,0.05
6.225,-0.0084921,0.05
6.2271,-0.0077778,0.05
6.2292,-0.0088889,0.05
6.2313,-0.0094444,0.05
6.2333,-0.0099206,0.05
6.2354,-0.01127,0.05
6.2375,-0.0094444,0.05
6.2396,-0.0061111,0.05
6.2417,-0.0011111,0.05
6.2438,0.00055556,0.05
6.2458,-0.0011111,0.05
6.2479,-0.0061111,0.05
6.25,-0.010873,0.05
6.2521,-0.010397,0.05
6.2542,-0.005,0.05
6.2562,-1.5279e-15,0.05
6.2583,0.0042857,0.05
6.2604,0.0069048,0.05
6.2625,0.0047619,0.05
6.2646,0.0033333,0.05
6.2667,0.0016667,0.05
6.2687,-0.0002381,0.05
6.2708,-0.0002381,0.05
6.2729,0.0016667,0.05
6.275,0.0038095,0.05
6.2771,0.0045238,0.05
6.2792,0.0038095,0.05
6.2812,0.0016667,0.05
6.2833,-0.0002381,0.05
6.2854,-0.0002381,0.05
6.2875,0.0016667,0.05
6.2896,0.0033333,0.05
6.2917,0.0047619,0.05
6.2938,0.0059524,0.05
6.2958,0.0047619,0.05
6.2979,0.0033333,0.05
6.3,0.0016667,0.05
6.3021,-0.00039683,0.05
6.3042,-0.00015873,0.05
6.3063,0.0022222,0.05
6.3083,0.0050794,0.05
6.3104,0.0060317,0.05
6.3125,0.0050794,0.05
6.3146,0.0022222,0.05
6.3167,-0.00063492,0.05
6.3187,-0.00015873,0.05
6.3208,0.0033333,0.05
6.3229,0.0066667,0.05
6.325,0.0095238,0.05
6.3271,0.010952,0.05
6.3292,0.01,0.05
6.3312,0.0095238,0.05
6.3333,0.010238,0.05
6.3354,0.011667,0.05
6.3375,0.013333,0.05
6.3396,0.014762,0.05
6.3417,0.015952,0.05
6.3438,0.014762,0.05
6.3458,0.013333,0.05
6.3479,0.011667,0.05
6.35,0.010238,0.05
6.3521,0.0085714,0.05
6.3542,0.010476,0.05
6.3563,0.013333,0.05
6.3583,0.017619,0.05
6.3604,0.019048,0.05
6.3625,0.017619,0.05
6.3646,0.01254,0.05
6.3667,0.010873,0.05
6.3688,0.011825,0.05
6.3708,0.015556,0.05
6.3729,0.017937,0.049524
6.375,0.019444,0.050238
6.3771,0.018175,0.051667
6.3792,0.017222,0.053333
6.3812,0.016111,0.054762
6.3833,0.015159,0.055476
6.3854,0.014365,0.055
6.3875,0.015159,0.055
6.3896,0.016111,0.055
6.3917,0.01754,0.055
6.3937,0.018016,0.055
6.3958,0.01754,0.055
6.3979,0.015635,0.055
6.4,0.015238,0.055
6.4021,0.016429,0.055
6.4042,0.018889,0.055
6.4062,0.020873,0.055
6.4083,0.022222,0.055
6.4104,0.021746,0.055
6.4125,0.021111,0.055
6.4146,0.020556,0.055476
6.4167,0.020079,0.054762
6.4188,0.019683,0.052857
6.4208,0.020079,0.051905
6.4229,0.020556,0.051905
6.425,0.02127,0.052857
6.4271,0.021508,0.055238
6.4292,0.02127,0.055238
6.4312,0.020556,0.053333
6.4333,0.019762,0.051667
6.4354,0.02,0.050238
6.4375,0.021111,0.049524
6.4396,0.022222,0.049524
6.4417,0.023492,0.050238
6.4437,0.023492,0.051667
6.4458,0.022222,0.053333
6.4479,0.020794,0.054762
6.45,0.020317,0.055476
6.4521,0.019206,0.055
6.4542,0.023016,0.055
6.4562,0.02873,0.055
6.4583,0.034762,0.055
6.4604,0.039841,0.055
6.4625,0.04127,0.055
6.4646,0.037778,0.055
6.4667,0.035397,0.055
6.4688,0.03373,0.055
6.4708,0.033254,0.055
6.4729,0.034444,0.055
6.475,0.035079,0.055
6.4771,0.035079,0.055
6.4792,0.034444,0.055
6.4813,0.033889,0.055
6.4833,0.033413,0.055
6.4854,0.033016,0.054524
6.4875,0.033413,0.055238
6.4896,0.033889,0.056667
6.4917,0.034444,0.058333
6.4937,0.035397,0.060238
6.4958,0.034921,0.060238
6.4979,0.033333,0.058333
6.5,0.03119,0.056667
6.5021,0.030476,0.055238
6.5042,0.03119,0.054048
6.5062,0.033333,0.055238
6.5083,0.035238,0.056667
6.5104,0.035238,0.058333
6.5125,0.033333,0.060238
6.5146,0.031667,0.060238
6.5167,0.030238,0.058333
6.5187,0.029206,0.05619
6.5208,0.030159,0.055476
6.5229,0.031111,0.05619
6.525,0.032222,0.058333
6.5271,0.033175,0.060238
6.5292,0.033651,0.060238
6.5312,0.033333,0.058333
6.5333,0.033016,0.056667
6.5354,0.033175,0.055238
6.5375,0.034603,0.054048
6.5396,0.036667,0.055238
6.5417,0.03873,0.056667
6.5438,0.040476,0.058333
6.5458,0.040159,0.059762
6.5479,0.038889,0.060476
6.55,0.037778,0.06
6.5521,0.036825,0.06
6.5542,0.036349,0.06
6.5562,0.036667,0.06
6.5583,0.03873,0.06
6.5604,0.035635,0.06
6.5625,0.029444,0.06
6.5646,0.022222,0.06
6.5667,0.016032,0.06
6.5687,0.012143,0.06
6.5708,0.015397,0.059524
6.5729,0.017778,0.060238
6.575,0.021349,0.061667
6.5771,0.02254,0.063333
6.5792,0.021349,0.064762
6.5812,0.016984,0.065952
6.5833,0.015794,0.064762
6.5854,0.016984,0.062857
6.5875,0.020556,0.061905
6.5896,0.022937,0.061905
6.5917,0.024921,0.062857
6.5938,0.022937,0.064762
6.5958,0.020556,0.065476
6.5979,0.017778,0.065
6.6,0.015397,0.065
6.6021,0.014206,0.065
6.6042,0.015,0.065
6.6063,0.015,0.065
6.6083,0.015,0.065
6.6104,0.015,0.065
6.6125,0.015,0.065
6.6146,0.015,0.065
6.6167,0.014683,0.065
6.6187,0.015,0.065
6.6208,0.01619,0.065
6.6229,0.017778,0.065
6.625,0.019286,0.065
6.6271,0.020714,0.065476
6.6292,0.019921,0.064762
6.6312,0.018333,0.063333
6.6333,0.01619,0.061667
6.6354,0.015476,0.060238
6.6375,0.01619,0.059524
6.6396,0.018333,0.059524
6.6417,0.020238,0.060238
6.6437,0.020556,0.061667
6.6458,0.018175,0.063333
6.6479,0.015556,0.065238
6.65,0.013016,0.065238
6.6521,0.011032,0.062857
6.6542,0.011508,0.061905
6.6562,0.012778,0.061905
6.6583,0.014206,0.062857
6.6604,0.014683,0.065238
6.6625,0.014206,0.065238
6.6646,0.012778,0.063333
6.6667,0.011032,0.061667
6.6688,0.011746,0.060238
6.6708,0.014444,0.059524
6.6729,0.017222,0.06
6.675,0.019603,0.06
6.6771,0.020794,0.06
6.6792,0.02,0.06
6.6812,0.02,0.06
6.6833,0.02,0.06
6.6854,0.02,0.06
6.6875,0.02,0.06
6.6896,0.02,0.06
6.6917,0.02,0.06
6.6937,0.02,0.06
6.6958,0.02,0.06
6.6979,0.02,0.06
6.7,0.02,0.06
6.7021,0.02,0.06
6.7042,0.02,0.06
6.7062,0.02,0.059524
6.7083,0.02,0.060238
6.7104,0.02,0.061667
6.7125,0.02,0.063333
6.7146,0.02,0.065238
6.7167,0.02,0.065238
6.7188,0.02,0.062857
6.7208,0.02,0.061905
6.7229,0.02,0.061905
6.725,0.02,0.062857
6.7271,0.02,0.065238
6.7292,0.02,0.065238
6.7313,0.02,0.063333
6.7333,0.019365,0.061667
6.7354,0.020317,0.060238
6.7375,0.022222,0.059524
6.7396,0.024444,0.059524
6.7417,0.026508,0.060238
6.7437,0.027222,0.061667
6.7458,0.026111,0.063333
6.7479,0.025556,0.065238
6.75,0.024921,0.065238
6.7521,0.024921,0.063333
6.7542,0.025556,0.061667
6.7562,0.026111,0.060238
6.7583,0.026746,0.059524
6.7604,0.026746,0.06
6.7625,0.026111,0.06
6.7646,0.025556,0.06
6.7667,0.024762,0.06
6.7687,0.025,0.06
6.7708,0.026111,0.06
6.7729,0.027222,0.06
6.775,0.028492,0.06
6.7771,0.028651,0.06
6.7792,0.027143,0.06
6.7812,0.025556,0.06
6.7833,0.023889,0.06
6.7854,0.023175,0.06
6.7875,0.02373,0.06
6.7896,0.024444,0.06
6.7917,0.024921,0.06
6.7938,0.025317,0.06
6.7958,0.024921,0.06
6.7979,0.024444,0.06
6.8,0.023889,0.06
6.8021,0.023413,0.06
6.8042,0.023175,0.06
6.8062,0.023333,0.06
6.8083,0.023492,0.06
6.8104,0.023254,0.06
6.8125,0.022778,0.06
6.8146,0.022222,0.060476
6.8167,0.021746,0.059762
6.8187,0.02119,0.058333
6.8208,0.021825,0.056667
6.8229,0.022778,0.055238
6.825,0.023889,0.054524
6.8271,0.024841,0.055
6.8292,0.025317,0.055
6.8312,0.025,0.055
6.8333,0.025,0.055
6.8354,0.025,0.055
6.8375,0.025,0.055
6.8396,0.025,0.055
6.8417,0.025,0.055
6.8438,0.025,0.055
6.8458,0.025,0.055
6.8479,0.025,0.055
6.85,0.025,0.055
6.8521,0.025,0.055
6.8542,0.025,0.055
6.8563,0.025,0.055
6.8583,0.025,0.055
6.8604,0.025,0.055
6.8625,0.025,0.055
6.8646,0.025,0.055
6.8667,0.024524,0.055
6.8687,0.025238,0.055
6.8708,0.026667,0.055
6.8729,0.028333,0.055
6.875,0.030238,0.055
6.8771,0.030238,0.055
6.8792,0.028333,0.055
6.8812,0.026667,0.055
6.8833,0.025238,0.055
6.8854,0.024524,0.055
6.8875,0.025,0.055
6.8896,0.025,0.055
6.8917,0.025317,0.055
6.8937,0.025476,0.055
6.8958,0.023571,0.055
6.8979,0.020556,0.055
6.9,0.017381,0.055
6.9021,0.015,0.055
6.9042,0.014365,0.055
6.9062,0.015,0.055
6.9083,0.015317,0.055
6.9104,0.014841,0.055
6.9125,0.013889,0.055
6.9146,0.012778,0.055
6.9167,0.011825,0.055
6.9188,0.011349,0.055
6.9208,0.011667,0.055
6.9229,0.011667,0.055
6.925,0.012778,0.055
6.9271,0.011111,0.055476
6.9292,0.0077778,0.054762
6.9312,0.0038889,0.053333
6.9333,-0.0011905,0.051667
6.9354,-0.0002381,0.050238
6.9375,0.0061111,0.049524
6.9396,0.012222,0.049524
6.9417,0.01873,0.050238
6.9437,0.019444,0.051667
6.9458,0.013889,0.053333
6.9479,0.0094444,0.055079
6.95,0.0043651,0.055317
6.9521,0.0043651,0.053571
6.9542,0.0094444,0.052937
6.9562,0.013889,0.052937
6.9583,0.018968,0.053571
6.9604,0.018968,0.054841
6.9625,0.013889,0.055317
6.9646,0.0094444,0.055
6.9667,0.0046825,0.055
6.9688,0.0042063,0.055
6.9708,0.0083333,0.055
6.9729,0.011667,0.055
6.975,0.015952,0.055
6.9771,0.015238,0.055
6.9792,0.01,0.055
6.9813,0.005,0.055
6.9833,-0.00039683,0.055
6.9854,-0.0011905,0.055
6.9875,0.0040476,0.055
6.9896,0.0088889,0.055
6.9917,0.013651,0.055
6.9937,0.015794,0.055317
6.9958,0.014206,0.054841
6.9979,0.012778,0.053889
7,0.011508,0.052778
7.0021,0.011508,0.051825
7.0042,0.012778,0.051349
7.0062,0.013889,0.050873
7.0083,0.014841,0.052063
7.0104,0.015317,0.054444
7.0125,0.015,0.057222
7.0146,0.015,0.060238
7.0167,0.015476,0.060476
7.0187,0.014762,0.057143
7.0208,0.013333,0.055873
7.0229,0.011667,0.055873
7.025,0.010714,0.057143
7.0271,0.0092857,0.059683
7.0292,0.0083333,0.060635
7.0312,0.0066667,0.06
7.0333,0.0047619,0.06
7.0354,0.0047619,0.06
7.0375,0.0066667,0.06
7.0396,0.0083333,0.06
7.0417,0.010238,0.06
7.0438,0.010238,0.06
7.0458,0.0083333,0.06
7.0479,0.0066667,0.060476
7.05,0.0047619,0.059762
7.0521,0.0047619,0.058333
7.0542,0.0066667,0.056667
7.0562,0.0083333,0.055238
7.0583,0.0097619,0.054524
7.0604,0.010476,0.055159
7.0625,0.01,0.054921
7.0646,0.01,0.054444
7.0667,0.0095238,0.053889
7.0687,0.010238,0.053413
7.0708,0.011667,0.053175
7.0729,0.013333,0.053175
7.075,0.015238,0.053413
7.0771,0.015238,0.053889
7.0792,0.013333,0.054444
7.0812,0.011667,0.055079
7.0833,0.010238,0.055079
7.0854,0.0095238,0.054286
7.0875,0.01,0.053968
7.0896,0.01,0.053968
7.0917,0.01,0.054286
7.0938,0.01,0.055397
7.0958,0.01,0.054921
7.0979,0.01,0.053333
7.1,0.01,0.051667
7.1021,0.01,0.050238
7.1042,0.01,0.049524
7.1063,0.01,0.05
7.1083,0.01,0.05
7.1104,0.01,0.05
7.1125,0.01,0.05
7.1146,0.01,0.05
7.1167,0.0095238,0.050317
7.1187,0.010238,0.051111
7.1208,0.0078571,0.048254
7.1229,0.013016,0.044444
7.125,0.029048,0.040079
7.1271,0.046508,0.028413
7.1292,0.070952,0.014841
7.1312,0.094365,0.0033333
7.1333,0.10659,-0.0064286
7.1354,0.11508,-0.0093651
7.1375,0.12016,-0.0066667
7.1396,0.11667,-0.0066667
7.1417,0.11349,-0.0088889
7.1437,0.11397,-0.0055556
7.1458,0.12802,0.0011111
7.1479,0.15405,0.0088889
7.15,0.18548,0.015556
7.1521,0.21214,0.018889
7.1542,0.22389,0.016667
7.1562,0.22468,0.016667
7.1583,0.19754,0.017778
7.1604,0.23008,0.017222
7.1625,0.32135,0.01254
7.1646,0.43421,0.0048413
7.1667,0.54302,-0.0033333
7.1688,0.61143,-0.0094444
7.1708,0.60381,-0.010952
7.1729,0.60381,-0.010317
7.175,0.60738,-0.01
7.1771,0.605,-0.010952
7.1792,0.605,-0.0095238
7.1812,0.60548,-0.0066667
7.1833,0.60667,-0.0033333
7.1854,0.60238,-0.00047619
7.1875,0.59627,0.00095238
7.1896,0.58738,0
7.1917,0.57802,0
7.1937,0.56405,0
7.1958,0.55063,0
7.1979,0.53651,0
7.2,0.52849,0
7.2021,0.52579,0
7.2042,0.5296,-0.00095238
7.2062,0.52913,0.00047619
7.2083,0.52413,0.0033333
7.2104,0.51778,0.0066667
7.2125,0.50294,0.0095238
7.2146,0.47817,0.011587
7.2167,0.45349,0.0096825
7.2188,0.43317,0.007619
7.2208,0.42079,0.0056349
7.2229,0.42286,0.0042063
7.225,0.43167,0.0038095
7.2271,0.41556,0.0050794
7.2292,0.37405,0.0053968
7.2313,0.3227,0.0042857
7.2333,0.27706,0.0027778
7.2354,0.2527,0.0011905
7.2375,0.25873,-1.0842e-19
7.2396,0.25857,0.00015873
7.2417,0.25048,-0.00039683
7.2437,0.23976,-0.001746
7.2458,0.23214,-0.0028571
7.2479,0.22024,-0.0030159
7.25,0.22048,-0.0022222
7.2521,0.21405,-0.00047619
7.2542,0.21,-0.00039683
7.2562,0.2081,0.00039683
7.2583,0.21167,0.0015079
7.2604,0.2069,0.003254
7.2625,0.20571,0.0052381
7.2646,0.19833,0.0072222
7.2667,0.19286,0.008254
7.2687,0.18857,0.0095238
7.2708,0.18786,0.009127
7.2729,0.18667,0.010635
7.275,0.18571,0.013333
7.2771,0.18429,0.016667
7.2792,0.18333,0.02
7.2812,0.18167,0.020714
7.2833,0.18071,0.018333
7.2854,0.17881,0.016667
7.2875,0.17857,0.014762
7.2896,0.17833,0.014762
7.2917,0.17905,0.016349
7.2938,0.17905,0.017857
7.2958,0.17881,0.021032
7.2979,0.17667,0.025
7.3,0.17524,0.028175
7.3021,0.17452,0.031111
7.3042,0.175,0.031429
7.3062,0.175,0.032222
7.3083,0.175,0.034444
7.3104,0.175,0.037222
7.3125,0.175,0.040079
7.3146,0.17468,0.040556
7.3167,0.17516,0.038333
7.3187,0.17595,0.03619
7.3208,0.1773,0.035
7.3229,0.17873,0.036429
7.325,0.17976,0.04
7.3271,0.18008,0.043095
7.3292,0.18008,0.045238
7.3312,0.17944,0.045476
7.3333,0.17952,0.045
7.3354,0.17746,0.045
7.3375,0.17627,0.045
7.3396,0.17611,0.044524
7.3417,0.17706,0.045238
7.3438,0.17706,0.046667
7.3458,0.17675,0.048333
7.3479,0.17389,0.049762
7.35,0.17198,0.050476
7.3521,0.16929,0.05
7.3542,0.17254,0.05
7.3563,0.17778,0.05
7.3583,0.18389,0.05
7.3604,0.19087,0.05
7.3625,0.19087,0.05
7.3646,0.18214,0.05
7.3667,0.17865,0.05
7.3687,0.17865,0.05
7.3708,0.18214,0.05
7.3729,0.18913,0.05
7.375,0.19175,0.05
7.3771,0.19,0.05
7.3792,0.19,0.05
7.3812,0.19,0.05
7.3833,0.19,0.05
7.3854,0.18905,0.05
7.3875,0.19048,0.05
7.3896,0.19333,0.05
7.3917,0.19667,0.05
7.3937,0.19921,0.05
7.3958,0.20111,0.05
7.3979,0.20063,0.05
7.4,0.20294,0.05
7.4021,0.20413,0.05
7.4042,0.20556,0.05
7.4062,0.20643,0.05
7.4083,0.20738,0.05
7.4104,0.20778,0.05
7.4125,0.20873,0.05
7.4146,0.20778,0.05
7.4167,0.20722,0.05
7.4188,0.20659,0.05
7.4208,0.20659,0.05
7.4229,0.20722,0.05
7.425,0.20794,0.05
7.4271,0.20817,0.05
7.4292,0.20794,0.05
7.4312,0.20706,0.05
7.4333,0.20683,0.05
7.4354,0.20595,0.05
7.4375,0.20833,0.05
7.4396,0.21214,0.049524
7.4417,0.21627,0.050238
7.4437,0.21944,0.051667
7.4458,0.22111,0.053333
7.4479,0.22,0.055238
7.45,0.22,0.055238
7.4521,0.21905,0.053333
7.4542,0.22048,0.051667
7.4562,0.22333,0.050238
7.4583,0.22667,0.049524
7.4604,0.23,0.050794
7.4625,0.23071,0.049603
7.4646,0.2277,0.047222
7.4667,0.22714,0.044444
7.4688,0.22738,0.042063
7.4708,0.22841,0.040873
7.4729,0.23024,0.041349
7.475,0.23119,0.041825
7.4771,0.2296,0.042778
7.4792,0.22833,0.043889
7.4813,0.22667,0.045476
7.4833,0.22524,0.045
7.4854,0.225,0.042143
7.4875,0.22476,0.040873
7.4896,0.22333,0.040873
7.4917,0.22167,0.042143
7.4937,0.22024,0.045635
7.4958,0.21952,0.045159
7.4979,0.22,0.041667
7.5,0.21937,0.038333
7.5021,0.22,0.035476
7.5042,0.22238,0.034048
7.5062,0.22556,0.034524
7.5083,0.22857,0.035238
7.5104,0.23048,0.036667
7.5125,0.23032,0.038333
7.5146,0.23,0.040397
7.5167,0.22984,0.040159
7.5187,0.22976,0.037143
7.5208,0.23071,0.035873
7.5229,0.23222,0.035873
7.525,0.23381,0.037143
7.5271,0.23532,0.039683
7.5292,0.23516,0.040635
7.5312,0.23389,0.04
7.5333,0.23278,0.04
7.5354,0.23151,0.04
7.5375,0.23151,0.04
7.5396,0.23278,0.04
7.5417,0.23389,0.04
7.5438,0.23484,0.04
7.5458,0.23532,0.04
7.5479,0.235,0.04
7.55,0.235,0.04
7.5521,0.235,0.04
7.5542,0.235,0.04
7.5562,0.235,0.04
7.5583,0.235,0.04
7.5604,0.23516,0.040476
7.5625,0.23492,0.039762
7.5646,0.23444,0.038333
7.5667,0.23389,0.036667
7.5687,0.23325,0.035238
7.5708,0.23325,0.034524
7.5729,0.23389,0.035
7.575,0.2346,0.035
7.5771,0.235,0.035
7.5792,0.23452,0.035
7.5812,0.23333,0.035317
7.5833,0.23214,0.034841
7.5854,0.23167,0.033571
7.5875,0.23206,0.031984
7.5896,0.23278,0.033413
7.5917,0.23341,0.036905
7.5938,0.23341,0.041508
7.5958,0.23278,0.045794
7.5979,0.23222,0.045476
7.6,0.23175,0.041667
7.6021,0.23119,0.038333
7.6042,0.23183,0.035476
7.6063,0.23278,0.033095
7.6083,0.23389,0.035476
7.6104,0.23484,0.038333
7.6125,0.23532,0.041667
7.6146,0.23421,0.045476
7.6167,0.23524,0.045952
7.6187,0.2377,0.041746
7.6208,0.24119,0.03619
7.6229,0.2446,0.03119
7.625,0.24683,0.028175
7.6271,0.2469,0.029048
7.6292,0.24675,0.029286
7.6312,0.24611,0.028651
7.6333,0.2454,0.026667
7.6354,0.24516,0.025238
7.6375,0.2454,0.024524
7.6396,0.24611,0.025
7.6417,0.24675,0.025
7.6437,0.24706,0.025
7.6458,0.24595,0.025
7.6479,0.24444,0.025
7.65,0.24286,0.025
7.6521,0.24167,0.025
7.6542,0.24135,0.025
7.6562,0.24167,0.025
7.6583,0.24167,0.025
7.6604,0.24167,0.025
7.6625,0.24167,0.025
7.6646,0.24167,0.025
7.6667,0.24167,0.025
7.6688,0.24135,0.025
7.6708,0.24183,0.025
7.6729,0.24278,0.025
7.675,0.24389,0.025
7.6771,0.24532,0.025
7.6792,0.24508,0.025
7.6812,0.24333,0.025476
7.6833,0.24198,0.024762
7.6854,0.23929,0.023333
7.6875,0.23881,0.02119
7.6896,0.24056,0.020476
7.6917,0.24317,0.02119
7.6937,0.24389,0.023333
7.6958,0.24302,0.025238
7.6979,0.23944,0.025238
7.7,0.23706,0.023333
7.7021,0.23571,0.021667
7.7042,0.23675,0.020238
7.7062,0.23722,0.019048
7.7083,0.23778,0.020238
7.7104,0.23825,0.021667
7.7125,0.23849,0.023333
7.7146,0.23817,0.024921
7.7167,0.23841,0.025397
7.7188,0.23889,0.024444
7.7208,0.23944,0.023889
7.7229,0.23992,0.023413
7.725,0.24016,0.023175
7.7271,0.24,0.023333
7.7292,0.24,0.024127
7.7313,0.23937,0.022937
7.7333,0.23968,0.020556
7.7354,0.24254,0.017778
7.7375,0.24667,0.015397
7.7396,0.25079,0.014206
7.7417,0.25365,0.014206
7.7437,0.25397,0.015397
7.7458,0.25333,0.017778
7.7479,0.25333,0.021349
7.75,0.25333,0.02254
7.7521,0.25317,0.020873
7.7542,0.25341,0.018016
7.7562,0.25389,0.017063
7.7583,0.25444,0.01754
7.7604,0.25492,0.019762
7.7625,0.25516,0.020476
7.7646,0.255,0.02
7.7667,0.255,0.02
7.7687,0.25484,0.02
7.7708,0.25508,0.02
7.7729,0.25556,0.02
7.775,0.25611,0.02
7.7771,0.25675,0.02
7.7792,0.25675,0.02
7.7812,0.25595,0.02
7.7833,0.25563,0.02
7.7854,0.25563,0.019683
7.7875,0.25595,0.020159
7.7896,0.25659,0.021111
7.7917,0.25746,0.022222
7.7938,0.25635,0.023175
7.7958,0.25444,0.023968
7.7979,0.25222,0.023175
7.8,0.25032,0.022222
7.8021,0.24937,0.021111
7.8042,0.25,0.020159
7.8062,0.25,0.019683
7.8083,0.25,0.019524
7.8104,0.25032,0.020238
7.8125,0.24984,0.021667
7.8146,0.24889,0.02381
7.8167,0.24746,0.024524
7.8187,0.24698,0.023333
7.8208,0.24746,0.021905
7.8229,0.24889,0.021905
7.825,0.25016,0.022857
7.8271,0.25016,0.024762
7.8292,0.24889,0.025476
7.8312,0.24778,0.025
7.8333,0.24683,0.025
7.8354,0.24603,0.025
7.8375,0.24683,0.025
7.8396,0.24778,0.025
7.8417,0.24889,0.024683
7.8438,0.24984,0.025159
7.8458,0.25032,0.026111
7.8479,0.25,0.02754
7.85,0.24968,0.028016
7.8521,0.25016,0.027222
7.8542,0.25111,0.02627
7.8563,0.25222,0.02627
7.8583,0.25317,0.026905
7.8604,0.25365,0.028175
7.8625,0.25333,0.028968
7.8646,0.25333,0.028175
7.8667,0.25333,0.027222
7.8687,0.25317,0.026111
7.8708,0.25341,0.025159
7.8729,0.25389,0.024683
7.875,0.25444,0.024683
7.8771,0.25492,0.025159
7.8792,0.25516,0.026111
7.8812,0.255,0.02754
7.8833,0.255,0.028016
7.8854,0.25452,0.027222
7.8875,0.25524,0.02627
7.8896,0.25667,0.02627
7.8917,0.25881,0.026905
7.8937,0.25952,0.028175
7.8958,0.25881,0.028651
7.8979,0.25667,0.028333
7.9,0.25524,0.028333
7.9021,0.25405,0.028333
7.9042,0.25524,0.028333
7.9062,0.25667,0.028175
7.9083,0.25881,0.028254
7.9104,0.25952,0.028968
7.9125,0.25881,0.03
7.9146,0.25619,0.03119
7.9167,0.255,0.031667
7.9188,0.25643,0.031111
7.9208,0.26,0.029365
7.9229,0.2631,0.03127
7.925,0.26524,0.035397
7.9271,0.26802,0.040476
7.9292,0.26373,0.045
7.9312,0.25611,0.046032
7.9333,0.24722,0.043333
7.9354,0.23802,0.041667
7.9375,0.23659,0.040238
7.9396,0.24389,0.039524
7.9417,0.25135,0.04
7.9437,0.25389,0.04
7.9458,0.2504,0.04
7.9479,0.23952,0.04
7.95,0.23071,0.040952
7.9521,0.21841,0.039524
7.9542,0.20865,0.036667
7.9562,0.20397,0.033333
7.9583,0.19706,0.030952
7.9604,0.17389,0.029127
7.9625,0.12762,0.028175
7.9646,0.070635,0.025556
7.9667,0.018889,0.023016
7.9688,-0.0086508,0.021349
7.9708,-0.01754,0.021349
7.9729,-0.020714,0.021825
7.975,-0.029286,0.021587
7.9771,-0.035238,0.021111
7.9792,-0.040714,0.020556
7.9813,-0.043571,0.020079
7.9833,-0.045238,0.019841
7.9854,-0.045952,0.02
7.9875,-0.044762,0.02
7.9896,-0.043333,0.02
7.9917,-0.040397,0.02
7.9937,-0.040873,0.020635
7.9958,-0.043968,0.019683
7.9979,-0.050159,0.017778
8,-0.052381,0.015556
8.0021,-0.05,0.013651
8.0042,-0.043333,0.012698
8.0062,-0.038413,0.013175
8.0083,-0.035556,0.013413
8.0104,-0.036349,0.013889
8.0125,-0.036667,0.014444
8.0146,-0.036667,0.015397
8.0167,-0.036667,0.014921
8.0188,-0.03746,0.012857
8.0208,-0.03627,0.011905
8.0229,-0.033889,0.011905
8.025,-0.031111,0.012857
8.0271,-0.028095,0.015238
8.0292,-0.027857,0.015238
8.0312,-0.030556,0.013333
8.0333,-0.033413,0.011667
8.0354,-0.034683,0.010238
8.0375,-0.033254,0.0095238
8.0396,-0.029444,0.0095238
8.0417,-0.026429,0.010238
8.0437,-0.024524,0.011667
8.0458,-0.024683,0.013333
8.0479,-0.025,0.015238
8.05,-0.025,0.015238
8.0521,-0.025952,0.012857
8.0542,-0.024524,0.011905
8.0563,-0.021667,0.011905
8.0583,-0.018333,0.012857
8.0604,-0.015476,0.014762
8.0625,-0.014048,0.015476
8.0646,-0.015,0.015
8.0667,-0.015476,0.015
8.0687,-0.014762,0.015
8.0708,-0.013333,0.015
8.0729,-0.011667,0.015
8.075,-0.0097619,0.015
8.0771,-0.0097619,0.015
8.0792,-0.011667,0.015
8.0813,-0.013333,0.015
8.0833,-0.014762,0.015
8.0854,-0.016111,0.015
8.0875,-0.014683,0.015
8.0896,-0.012778,0.015
8.0917,-0.010556,0.015
8.0938,-0.0086508,0.015159
8.0958,-0.0076984,0.014921
8.0979,-0.0083333,0.014444
8.1,-0.0083333,0.013889
8.1021,-0.0083333,0.013413
8.1042,-0.0083333,0.013175
8.1062,-0.0083333,0.013175
8.1083,-0.0081746,0.013413
8.1104,-0.0084127,0.013889
8.1125,-0.0088889,0.014444
8.1146,-0.0094444,0.015238
8.1167,-0.0099206,0.015
8.1188,-0.010794,0.013571
8.1208,-0.0096825,0.012937
8.1229,-0.0077778,0.012937
8.125,-0.0049206,0.013571
8.1271,-0.0039683,0.015159
8.1292,-0.0049206,0.015159
8.1312,-0.0092063,0.013889
8.1333,-0.0094444,0.012778
8.1354,-0.0053968,0.011825
8.1375,0.0016667,0.011349
8.1396,0.007619,0.011349
8.1417,0.011667,0.011825
8.1438,0.010238,0.012778
8.1458,0.0083333,0.013889
8.1479,0.0066667,0.015159
8.15,0.0052381,0.015159
8.1521,0.0038889,0.013571
8.1542,0.0053175,0.012937
8.1562,0.0072222,0.012937
8.1583,0.0094444,0.013571
8.1604,0.011667,0.015159
8.1625,0.012143,0.015159
8.1646,0.010556,0.013889
8.1667,0.009127,0.012778
8.1687,0.0086508,0.011825
8.1708,0.009127,0.011349
8.1729,0.010556,0.011349
8.175,0.011667,0.011825
8.1771,0.011905,0.012778
8.1792,0.011111,0.013889
8.1813,0.010556,0.015159
8.1833,0.010079,0.015159
8.1854,0.0096825,0.013889
8.1875,0.010079,0.012778
8.1896,0.010556,0.011825
8.1917,0.011111,0.011508
8.1937,0.011746,0.011587
8.1958,0.011746,0.011111
8.1979,0.011111,0.010556
8.2,0.010397,0.010079
8.2021,0.0098413,0.0098413
8.2042,0.010556,0.01
8.2063,0.012222,0.01
8.2083,0.01381,0.01
8.2104,0.01627,0.01
8.2125,0.015317,0.01
8.2146,0.010238,0.01
8.2167,0.0038889,0.01
8.2188,-0.0021429,0.01
8.2208,-0.0059524,0.01
8.2229,-0.0056349,0.01
8.225,-0.005,0.01
8.2271,-0.0048413,0.01
8.2292,-0.0050794,0.01
8.2312,-0.0055556,0.01
8.2333,-0.0061111,0.01
8.2354,-0.0065873,0.01
8.2375,-0.0068254,0.01
8.2396,-0.0066667,0.01
8.2417,-0.0066667,0.01
8.2438,-0.005873,0.01
8.2458,-0.0070635,0.01
8.2479,-0.0094444,0.01
8.25,-0.012222,0.01
8.2521,-0.015079,0.01
8.2542,-0.015556,0.01
8.2562,-0.013333,0.01
8.2583,-0.01119,0.01
8.2604,-0.010159,0.010635
8.2625,-0.011349,0.0096825
8.2646,-0.014444,0.0077778
8.2667,-0.016984,0.0055556
8.2688,-0.018651,0.0036508
8.2708,-0.018651,0.0026984
8.2729,-0.018333,0.0026984
8.275,-0.01754,0.0036508
8.2771,-0.018095,0.0055556
8.2792,-0.021429,0.0077778
8.2812,-0.026111,0.010317
8.2833,-0.030714,0.010317
8.2854,-0.034444,0.007619
8.2875,-0.033651,0.0056349
8.2896,-0.031111,0.0042063
8.2917,-0.028254,0.0038095
8.2937,-0.027302,0.0053968
8.2958,-0.028254,0.0049206
8.2979,-0.031111,0.0033333
8.3,-0.03381,0.0016667
8.3021,-0.033889,0.0002381
8.3042,-0.030397,-0.00047619
8.3063,-0.026667,-0.00047619
8.3083,-0.023175,0.0002381
8.3104,-0.020714,0.0016667
8.3125,-0.021032,0.0033333
8.3146,-0.023016,0.0050794
8.3167,-0.025556,0.0053175
8.3187,-0.028651,0.0035714
8.3208,-0.029841,0.0029365
8.3229,-0.02881,0.0029365
8.325,-0.02619,0.0035714
8.3271,-0.025159,0.0051587
8.3292,-0.026349,0.0051587
8.3313,-0.029444,0.0038889
8.3333,-0.031984,0.0027778
8.3354,-0.033651,0.0018254
8.3375,-0.033651,0.0013492
8.3396,-0.033333,0.0013492
8.3417,-0.033333,0.0018254
8.3438,-0.033175,0.0027778
8.3458,-0.033413,0.0038889
8.3479,-0.033889,0.0051587
8.35,-0.034444,0.0051587
8.3521,-0.035079,0.0035714
8.3542,-0.035079,0.0029365
8.3562,-0.034444,0.0029365
8.3583,-0.03373,0.0035714
8.3604,-0.033492,0.0053175
8.3625,-0.03373,0.0050794
8.3646,-0.034444,0.0033333
8.3667,-0.034921,0.0016667
8.3688,-0.035635,0.0002381
8.3708,-0.034762,-0.00047619
8.3729,-0.033333,0
8.375,-0.031667,0
8.3771,-0.030238,0
8.3792,-0.029524,0
8.3812,-0.03,0
8.3833,-0.03,0
8.3854,-0.03,0
8.3875,-0.03,-0.00047619
8.3896,-0.03,0.0002381
8.3917,-0.03,0.0016667
8.3938,-0.03,0.0038095
8.3958,-0.03,0.0045238
8.3979,-0.03,0.0038095
8.4,-0.029841,0.0016667
8.4021,-0.030238,0.0002381
8.4042,-0.030476,-0.00095238
8.4062,-0.030556,0.0002381
8.4083,-0.030317,0.0016667
8.4104,-0.029841,0.0033333
8.4125,-0.030635,0.0047619
8.4146,-0.032778,0.0054762
8.4167,-0.034921,0.005
8.4187,-0.036587,0.005
8.4208,-0.037143,0.005
8.4229,-0.036667,0.005
8.425,-0.036349,0.005
8.4271,-0.036825,0.005
8.4292,-0.037778,0.005
8.4313,-0.038889,0.005
8.4333,-0.039841,0.005
8.4354,-0.040317,0.005
8.4375,-0.04,0.005
8.4396,-0.04,0.005
8.4417,-0.04,0.005
8.4437,-0.039683,0.005
8.4458,-0.040159,0.005
8.4479,-0.041111,0.005
8.45,-0.042222,0.005
8.4521,-0.043492,0.005
8.4542,-0.043492,0.005
8.4563,-0.042222,0.005
8.4583,-0.041111,0.005
8.4604,-0.040159,0.005
8.4625,-0.039683,0.005
8.4646,-0.04,0.005
8.4667,-0.04,0.005
8.4688,-0.04,0.005
8.4708,-0.04,0.005
8.4729,-0.04,0.005
8.475,-0.04,0.005
8.4771,-0.04,0.005
8.4792,-0.04,0.005
8.4812,-0.04,0.005
8.4833,-0.040317,0.005
8.4854,-0.04,0.005
8.4875,-0.03881,0.005
8.4896,-0.037222,0.005
8.4917,-0.035714,0.005
8.4938,-0.034762,0.005
8.4958,-0.034841,0.005
8.4979,-0.035,0.005
8.5,-0.035,0.005
8.5021,-0.035,0.005
8.5042,-0.035,0.005
8.5062,-0.035,0.005
8.5083,-0.035,0.005
8.5104,-0.035,0.005
8.5125,-0.035,0.005
8.5146,-0.035,0.005
8.5167,-0.035317,0.005
8.5188,-0.035,0.005
8.5208,-0.03381,0.005
8.5229,-0.032222,0.005
8.525,-0.030714,0.005
8.5271,-0.02881,0.0053175
8.5292,-0.030317,0.0048413
8.5312,-0.033333,0.0038889
8.5333,-0.037619,0.0027778
8.5354,-0.039048,0.0018254
8.5375,-0.037619,0.0013492
8.5396,-0.033333,0.0013492
8.5417,-0.030476,0.0018254
8.5437,-0.028095,0.0027778
8.5458,-0.030476,0.0038889
8.5479,-0.033333,0.005
8.55,-0.036667,0.0052381
8.5521,-0.04,0.0042857
8.5542,-0.040714,0.0039683
8.5563,-0.038333,0.0039683
8.5583,-0.036667,0.0042857
8.5604,-0.034921,0.0049206
8.5625,-0.034683,0.0051587
8.5646,-0.036111,0.005
8.5667,-0.036905,0.005
8.5687,-0.038333,0.005
8.5708,-0.039762,0.005
8.5729,-0.040556,0.005
8.575,-0.041508,0.005
8.5771,-0.041984,0.005
8.5792,-0.041667,0.005
8.5813,-0.041667,0.005
8.5833,-0.041667,0.005
8.5854,-0.041984,0.005
8.5875,-0.041508,0.005
8.5896,-0.040556,0.005
8.5917,-0.039127,0.005
8.5938,-0.038333,0.005
8.5958,-0.039286,0.005
8.5979,-0.041667,0.005
8.6,-0.04373,0.005
8.6021,-0.045159,0.005
8.6042,-0.045317,0.005
8.6062,-0.045,0.005
8.6083,-0.045,0.005
8.6104,-0.045,0.005
8.6125,-0.045,0.005
8.6146,-0.045,0.005
8.6167,-0.045,0.005
8.6188,-0.045,0.005
8.6208,-0.045,0.005
8.6229,-0.045,0.005
8.625,-0.045,0.005
8.6271,-0.045,0.005
8.6292,-0.045,0.005
8.6312,-0.045,0.005
8.6333,-0.045476,0.005
8.6354,-0.045079,0.005
8.6375,-0.043175,0.005
8.6396,-0.040556,0.005
8.6417,-0.037698,0.005
8.6438,-0.036508,0.005
8.6458,-0.03746,0.005
8.6479,-0.038889,0.005
8.65,-0.04,0.005
8.6521,-0.040556,0.005
8.6542,-0.039286,0.005
8.6562,-0.037778,0.005
8.6583,-0.03619,0.005
8.6604,-0.034683,0.005
8.6625,-0.034841,0.005
8.6646,-0.036111,0.005
8.6667,-0.037222,0.005
8.6687,-0.038492,0.005
8.6708,-0.038492,0.005
8.6729,-0.037222,0.005
8.675,-0.036111,0.005
8.6771,-0.034683,0.005
8.6792,-0.034921,0.005
8.6813,-0.036667,0.005
8.6833,-0.038333,0.005
8.6854,-0.039762,0.005
8.6875,-0.040476,0.005
8.6896,-0.04,0.005
8.6917,-0.04,0.005
8.6937,-0.039683,0.005
8.6958,-0.040159,0.005
8.6979,-0.041111,0.005
8.7,-0.042222,0.005
8.7021,-0.043175,0.005
8.7042,-0.043651,0.005
8.7063,-0.043333,0.0045238
8.7083,-0.042698,0.0052381
8.7104,-0.043651,0.0066667
8.7125,-0.045556,0.0083333
8.7146,-0.047778,0.0099206
8.7167,-0.049683,0.010238
8.7188,-0.05127,0.0095238
8.7208,-0.049683,0.0094444
8.7229,-0.047778,0.0095238
8.725,-0.044921,0.0097619
8.7271,-0.043968,0.010317
8.7292,-0.044921,0.010238
8.7312,-0.047778,0.0092857
8.7333,-0.049683,0.0077778
8.7354,-0.051746,0.0061905
8.7375,-0.049444,0.005
8.7396,-0.046111,0.0046825
8.7417,-0.042063,0.005
8.7438,-0.038968,0.005
8.7458,-0.037778,0.005
8.7479,-0.039762,0.005
8.75,-0.039762,0.005
8.7521,-0.039206,0.005
8.7542,-0.037698,0.0045238
8.7562,-0.03627,0.0052381
8.7583,-0.035238,0.0066667
8.7604,-0.034921,0.0083333
8.7625,-0.034603,0.010238
8.7646,-0.035714,0.010238
8.7667,-0.037222,0.0083333
8.7688,-0.038016,0.0066667
8.7708,-0.040397,0.0052381
8.7729,-0.042937,0.0040476
8.775,-0.045476,0.0052381
8.7771,-0.048571,0.0066667
8.7792,-0.050794,0.0083333
8.7812,-0.051032,0.010238
8.7833,-0.051429,0.010238
8.7854,-0.052302,0.0083333
8.7875,-0.052619,0.0066667
8.7896,-0.052778,0.0052381
8.7917,-0.052619,0.0045238
8.7937,-0.051825,0.005
8.7958,-0.051508,0.005
8.7979,-0.052778,0.005
8.8,-0.054206,0.005
8.8021,-0.054683,0.005
8.8042,-0.054206,0.005
8.8063,-0.05246,0.005
8.8083,-0.051667,0.005
8.8104,-0.052619,0.005
8.8125,-0.055,0.005
8.8146,-0.057063,0.005
8.8167,-0.058492,0.005
8.8187,-0.058968,0.005
8.8208,-0.058175,0.005
8.8229,-0.057222,0.005
8.825,-0.056111,0.005
8.8271,-0.054841,0.005
8.8292,-0.054841,0.005
8.8313,-0.056111,0.005
8.8333,-0.05754,0.005
8.8354,-0.058016,0.005
8.8375,-0.05754,0.005
8.8396,-0.056111,0.005
8.8417,-0.055159,0.005
8.8438,-0.054365,0.005
8.8458,-0.055159,0.005
8.8479,-0.056111,0.005
8.85,-0.057222,0.005
8.8521,-0.058492,0.005
8.8542,-0.058492,0.005
8.8562,-0.057222,0.005
8.8583,-0.056111,0.005
8.8604,-0.054206,0.005
8.8625,-0.055159,0.005
8.8646,-0.058333,0.005
8.8667,-0.061667,0.005
8.8688,-0.065476,0.005
8.8708,-0.065476,0.005
8.8729,-0.061667,0.0048413
8.875,-0.058333,0.0049206
8.8771,-0.055317,0.0056349
8.8792,-0.054127,0.0066667
8.8812,-0.055556,0.0078571
8.8833,-0.055794,0.0081746
8.8854,-0.056746,0.0078571
8.8875,-0.057937,0.0078571
8.8896,-0.058889,0.0084127
8.8917,-0.059841,0.0092063
8.8938,-0.060317,0.010238
8.8958,-0.06,0.010079
8.8979,-0.06,0.0094444
8.9,-0.06,0.0088889
8.9021,-0.06,0.0084127
8.9042,-0.06,0.0081746
8.9062,-0.06,0.0081746
8.9083,-0.06,0.0084127
8.9104,-0.06,0.0088889
8.9125,-0.06,0.0094444
8.9146,-0.06,0.010556
8.9167,-0.06,0.0098413
8.9187,-0.06,0.007619
8.9208,-0.06,0.0056349
8.9229,-0.06,0.0042063
8.925,-0.06,0.0038095
8.9271,-0.059841,0.0049206
8.9292,-0.060079,0.0051587
8.9313,-0.060556,0.005
8.9333,-0.061111,0.005
8.9354,-0.061587,0.005
8.9375,-0.061825,0.005
8.9396,-0.061667,0.005
8.9417,-0.061667,0.005
8.9437,-0.061349,0.005
8.9458,-0.061825,0.005
8.9479,-0.062778,0.005
8.95,-0.063889,0.005
8.9521,-0.065159,0.0045238
8.9542,-0.065159,0.0052381
8.9563,-0.063889,0.0066667
8.9583,-0.06246,0.0083333
8.9604,-0.061508,0.010238
8.9625,-0.062698,0.010238
8.9646,-0.065556,0.0083333
8.9667,-0.068651,0.0066667
8.9688,-0.069841,0.0052381
8.9708,-0.06881,0.0045238
8.9729,-0.066667,0.0045238
8.975,-0.065238,0.0052381
8.9771,-0.064524,0.0066667
8.9792,-0.065,0.0083333
8.9812,-0.065,0.010238
8.9833,-0.065,0.010238
8.9854,-0.065476,0.0083333
8.9875,-0.064762,0.0066667
8.9896,-0.063333,0.0052381
8.9917,-0.061667,0.0045238
8.9938,-0.059762,0.005
8.9958,-0.059762,0.005
8.9979,-0.061667,0.005
9,-0.063333,0.005
9.0021,-0.064762,0.005
9.0042,-0.065476,0.005
9.0062,-0.065,0.005
9.0083,-0.065,0.005
9.0104,-0.065,0.005
9.0125,-0.065,0.005
9.0146,-0.065,0.005
9.0167,-0.065,0.005
9.0188,-0.065,0.0045238
9.0208,-0.065,0.0052381
9.0229,-0.065,0.0066667
9.025,-0.065,0.0083333
9.0271,-0.065,0.010238
9.0292,-0.065,0.010238
9.0312,-0.065159,0.0083333
9.0333,-0.064921,0.0066667
9.0354,-0.064444,0.0052381
9.0375,-0.063889,0.0045238
9.0396,-0.063413,0.0045238
9.0417,-0.063175,0.0052381
9.0437,-0.063175,0.0066667
9.0458,-0.063413,0.0083333
9.0479,-0.063889,0.010238
9.05,-0.064444,0.010238
9.0521,-0.064921,0.0078571
9.0542,-0.065159,0.0069048
9.0563,-0.065,0.0069048
9.0583,-0.065,0.0078571
9.0604,-0.064841,0.010238
9.0625,-0.065079,0.010238
9.0646,-0.065556,0.0083333
9.0667,-0.066111,0.0066667
9.0687,-0.066587,0.0052381
9.0708,-0.066825,0.0045238
9.0729,-0.066667,0.0045238
9.075,-0.066667,0.0052381
9.0771,-0.066349,0.0066667
9.0792,-0.066825,0.0083333
9.0813,-0.067778,0.010238
9.0833,-0.068889,0.010238
9.0854,-0.070159,0.0078571
9.0875,-0.070159,0.0069048
9.0896,-0.068889,0.0069048
9.0917,-0.06746,0.0078571
9.0938,-0.066984,0.010238
9.0958,-0.06746,0.010238
9.0979,-0.068889,0.0083333
9.1,-0.069841,0.0066667
9.1021,-0.070317,0.0052381
9.1042,-0.07,0.0045238
9.1062,-0.07,0.0045238
9.1083,-0.07,0.0052381
9.1104,-0.07,0.0066667
9.1125,-0.07,0.0083333
9.1146,-0.07,0.010238
9.1167,-0.07,0.010238
9.1188,-0.070952,0.0078571
9.1208,-0.069524,0.0069048
9.1229,-0.066667,0.0069048
9.125,-0.063333,0.0078571
9.1271,-0.059524,0.010238
9.1292,-0.059524,0.010238
9.1312,-0.063333,0.0083333
9.1333,-0.067143,0.0066667
9.1354,-0.069762,0.0052381
9.1375,-0.069048,0.0045238
9.1396,-0.065,0.0045238
9.1417,-0.061429,0.0052381
9.1438,-0.059524,0.0066667
9.1458,-0.061429,0.0083333
9.1479,-0.065,0.010238
9.15,-0.068095,0.010238
9.1521,-0.070714,0.0078571
9.1542,-0.070238,0.0069048
9.1562,-0.068333,0.0069048
9.1583,-0.066667,0.0078571
9.1604,-0.064286,0.010238
9.1625,-0.065,0.010238
9.1646,-0.068333,0.0083333
9.1667,-0.071667,0.0066667
9.1687,-0.075,0.0052381
9.1708,-0.075714,0.0045238
9.1729,-0.073333,0.0045238
9.175,-0.071667,0.0052381
9.1771,-0.070238,0.0066667
9.1792,-0.069524,0.0083333
9.1813,-0.07,0.010238
9.1833,-0.07,0.010238
9.1854,-0.07,0.0083333
9.1875,-0.07,0.0061905
9.1896,-0.07,0.0054762
9.1917,-0.07,0.0061905
9.1937,-0.07,0.0088095
9.1958,-0.07,0.0095238
9.1979,-0.07,0.0088095
9.2,-0.070635,0.0066667
9.2021,-0.069683,0.0052381
9.2042,-0.067778,0.0045238
9.2063,-0.065556,0.005
9.2083,-0.063016,0.005
9.2104,-0.063016,0.005
9.2125,-0.065556,0.005
9.2146,-0.067778,0.005
9.2167,-0.069683,0.005
9.2188,-0.070794,0.005
9.2208,-0.069921,0.005
9.2229,-0.069444,0.005
9.225,-0.068889,0.005
9.2271,-0.068254,0.005
9.2292,-0.068254,0.005
9.2312,-0.068889,0.005
9.2333,-0.069603,0.005
9.2354,-0.070159,0.005
9.2375,-0.069444,0.005
9.2396,-0.067778,0.005
9.2417,-0.06619,0.005
9.2438,-0.065,0.005
9.2458,-0.064683,0.005
9.2479,-0.065,0.005
9.25,-0.065,0.005
9.2521,-0.065,0.005
9.2542,-0.065,0.005
9.2562,-0.065,0.005
9.2583,-0.065,0.005
9.2604,-0.065,0.005
9.2625,-0.065,0.005
9.2646,-0.065,0.005
9.2667,-0.065317,0.005
9.2688,-0.065,0.005
9.2708,-0.06381,0.005
9.2729,-0.062222,0.0045238
9.275,-0.060714,0.0052381
9.2771,-0.059762,0.0066667
9.2792,-0.059841,0.0083333
9.2812,-0.06,0.010238
9.2833,-0.06,0.0097619
9.2854,-0.06,0.0085714
9.2875,-0.06,0.0083333
9.2896,-0.06,0.0085714
9.2917,-0.06,0.0092857
9.2937,-0.06,0.010476
9.2958,-0.06,0.010476
9.2979,-0.06,0.0097619
9.3,-0.060317,0.0083333
9.3021,-0.06,0.0066667
9.3042,-0.05881,0.0052381
9.3063,-0.057222,0.0045238
9.3083,-0.055714,0.005
9.3104,-0.054444,0.005
9.3125,-0.055,0.005
9.3146,-0.056111,0.005
9.3167,-0.057222,0.005
9.3187,-0.058492,0.005
9.3208,-0.058492,0.005
9.3229,-0.057222,0.005
9.325,-0.056111,0.005
9.3271,-0.055,0.005
9.3292,-0.054762,0.005
9.3313,-0.055556,0.005
9.3333,-0.056111,0.005
9.3354,-0.056746,0.005
9.3375,-0.056746,0.005
9.3396,-0.056111,0.005
9.3417,-0.055556,0.005
9.3438,-0.055079,0.005
9.3458,-0.054841,0.005
9.3479,-0.055,0.005
9.35,-0.055,0.005
9.3521,-0.055476,0.005
9.3542,-0.054762,0.005
9.3562,-0.053333,0.005
9.3583,-0.051667,0.005
9.3604,-0.049762,0.0053175
9.3625,-0.049762,0.0048413
9.3646,-0.051667,0.0038889
9.3667,-0.054127,0.0027778
9.3688,-0.054365,0.0018254
9.3708,-0.052698,0.0013492
9.3729,-0.049444,0.0013492
9.375,-0.046746,0.0018254
9.3771,-0.045556,0.0027778
9.3792,-0.048016,0.0038889
9.3812,-0.050556,0.0053175
9.3833,-0.053175,0.0050794
9.3854,-0.055556,0.0028571
9.3875,-0.055238,0.0019048
9.3896,-0.053333,0.0019048
9.3917,-0.051667,0.0028571
9.3938,-0.049762,0.0052381
9.3958,-0.049762,0.0052381
9.3979,-0.051667,0.0033333
9.4,-0.052857,0.0016667
9.4021,-0.055476,0.0002381
9.4042,-0.056905,-0.00047619
9.4062,-0.056667,-0.00047619
9.4083,-0.055794,0.0002381
9.4104,-0.056032,0.0016667
9.4125,-0.056746,0.0033333
9.4146,-0.059444,0.0052381
9.4167,-0.061349,0.0052381
9.4187,-0.062302,0.0028571
9.4208,-0.061667,0.0019048
9.4229,-0.061667,0.0019048
9.425,-0.061667,0.0028571
9.4271,-0.061667,0.0047619
9.4292,-0.061667,0.0054762
9.4313,-0.061825,0.005
9.4333,-0.061587,0.005
9.4354,-0.061587,0.005
9.4375,-0.060317,0.005
9.4396,-0.058413,0.005
9.4417,-0.056508,0.005
9.4437,-0.055238,0.005
9.4458,-0.054524,0.005
9.4479,-0.055,0.005
9.45,-0.055,0.005
9.4521,-0.055476,0.005
9.4542,-0.054762,0.005
9.4563,-0.053333,0.005
9.4583,-0.051667,0.005
9.4604,-0.049762,0.005
9.4625,-0.049762,0.005
9.4646,-0.052619,0.005
9.4667,-0.052381,0.005
9.4688,-0.052143,0.005
9.4708,-0.050238,0.005
9.4729,-0.047143,0.005
9.475,-0.045,0.005
9.4771,-0.045952,0.005
9.4792,-0.04619,0.005
9.4812,-0.048333,0.005
9.4833,-0.049762,0.005
9.4854,-0.050952,0.005
9.4875,-0.049762,0.005
9.4896,-0.048333,0.005
9.4917,-0.046667,0.005
9.4938,-0.044762,0.005
9.4958,-0.044762,0.005
9.4979,-0.046667,0.005
9.5,-0.048333,0.005
9.5021,-0.050238,0.005
9.5042,-0.050238,0.005
9.5062,-0.048333,0.005
9.5083,-0.046349,0.005
9.5104,-0.045397,0.005
9.5125,-0.045635,0.005
9.5146,-0.047222,0.005
9.5167,-0.048175,0.005
9.5188,-0.049286,0.005
9.5208,-0.048016,0.005
9.5229,-0.046111,0.005
9.525,-0.043889,0.005
9.5271,-0.041984,0.005
9.5292,-0.041032,0.005
9.5312,-0.041667,0.005
9.5333,-0.041032,0.005
9.5354,-0.042619,0.005
9.5375,-0.043571,0.005
9.5396,-0.043889,0.005
9.5417,-0.043413,0.005
9.5437,-0.042698,0.005
9.5458,-0.041587,0.005
9.5479,-0.042778,0.005
9.55,-0.043254,0.005
9.5521,-0.04381,0.005
9.5542,-0.043175,0.0045238
9.5563,-0.042222,0.0052381
9.5583,-0.041111,0.0066667
9.5604,-0.04,0.0083333
9.5625,-0.039762,0.0097619
9.5646,-0.041032,0.010476
9.5667,-0.040873,0.01
9.5687,-0.040079,0.01
9.5708,-0.038413,0.01
9.5729,-0.036349,0.01
9.575,-0.035079,0.01
9.5771,-0.035079,0.01
9.5792,-0.034841,0.01
9.5813,-0.035,0.01
9.5833,-0.035,0.01
9.5854,-0.035159,0.01
9.5875,-0.034921,0.01
9.5896,-0.034444,0.01
9.5917,-0.033889,0.01
9.5938,-0.033254,0.010317
9.5958,-0.033254,0.0098413
9.5979,-0.033889,0.0088889
9.6,-0.034286,0.0077778
9.6021,-0.035,0.0068254
9.6042,-0.035714,0.0063492
9.6062,-0.035794,0.0063492
9.6083,-0.036746,0.0068254
9.6104,-0.037937,0.0077778
9.6125,-0.038889,0.0088889
9.6146,-0.039841,0.01
9.6167,-0.040317,0.010238
9.6188,-0.04,0.0092857
9.6208,-0.04,0.0084921
9.6229,-0.04,0.0092063
9.625,-0.04,0.010952
9.6271,-0.04,0.013254
9.6292,-0.04,0.015397
9.6312,-0.04,0.015238
9.6333,-0.040476,0.013333
9.6354,-0.039762,0.011667
9.6375,-0.038333,0.010238
9.6396,-0.036667,0.0090476
9.6417,-0.034762,0.010238
9.6438,-0.034762,0.011667
9.6458,-0.036667,0.013333
9.6479,-0.038333,0.015079
9.65,-0.039762,0.015317
9.6521,-0.040952,0.013889
9.6542,-0.039762,0.012778
9.6562,-0.038333,0.011825
9.6583,-0.036667,0.011349
9.6604,-0.034921,0.011508
9.6625,-0.034683,0.011746
9.6646,-0.036111,0.012222
9.6667,-0.03754,0.012778
9.6687,-0.038492,0.013254
9.6708,-0.037302,0.013492
9.6729,-0.034444,0.013175
9.675,-0.031825,0.013254
9.6771,-0.029921,0.013968
9.6792,-0.029524,0.015
9.6813,-0.03,0.01619
9.6833,-0.03,0.016508
9.6854,-0.03,0.016349
9.6875,-0.03,0.016111
9.6896,-0.03,0.01619
9.6917,-0.03,0.016429
9.6937,-0.03,0.016984
9.6958,-0.03,0.016587
9.6979,-0.03,0.016111
9.7,-0.03,0.015556
9.7021,-0.03,0.015079
9.7042,-0.03,0.014841
9.7063,-0.03,0.015
9.7083,-0.03,0.014841
9.7104,-0.030476,0.015079
9.7125,-0.029762,0.015556
9.7146,-0.028333,0.01627
9.7167,-0.025714,0.016349
9.7188,-0.026667,0.016349
9.7208,-0.027381,0.016111
9.7229,-0.028333,0.01619
9.725,-0.027857,0.016429
9.7271,-0.025476,0.016825
9.7292,-0.024524,0.016667
9.7312,-0.028333,0.016667
9.7333,-0.031667,0.016667
9.7354,-0.035476,0.016667
9.7375,-0.035476,0.016667
9.7396,-0.031667,0.016508
9.7417,-0.027381,0.01627
9.7438,-0.025159,0.01746
9.7458,-0.027778,0.019444
9.7479,-0.035238,0.022063
9.75,-0.039683,0.02254
9.7521,-0.041111,0.022381
9.7542,-0.038571,0.021667
9.7562,-0.035397,0.021905
9.7583,-0.034206,0.022619
9.7604,-0.034683,0.024127
9.7625,-0.035159,0.023175
9.7646,-0.036111,0.022222
9.7667,-0.037222,0.021111
9.7688,-0.038175,0.020159
9.7708,-0.038651,0.019683
9.7729,-0.038333,0.02
9.775,-0.038333,0.02
9.7771,-0.037698,0.02
9.7792,-0.038651,0.02
9.7812,-0.040556,0.02
9.7833,-0.042778,0.02
9.7854,-0.045317,0.02
9.7875,-0.045317,0.02
9.7896,-0.042778,0.02
9.7917,-0.039921,0.02
9.7937,-0.038651,0.020476
9.7958,-0.040079,0.019762
9.7979,-0.043889,0.018333
9.8,-0.046905,0.016667
9.8021,-0.049603,0.015238
9.8042,-0.048254,0.014524
9.8063,-0.045556,0.015
9.8083,-0.042778,0.014841
9.8104,-0.039444,0.015079
9.8125,-0.039683,0.015556
9.8146,-0.043333,0.01627
9.8167,-0.046667,0.016349
9.8187,-0.05,0.016349
9.8208,-0.050714,0.016111
9.8229,-0.048333,0.01619
9.825,-0.046667,0.016429
9.8271,-0.044603,0.016984
9.8292,-0.044841,0.016587
9.8313,-0.047222,0.016111
9.8333,-0.049444,0.015556
9.8354,-0.051349,0.015079
9.8375,-0.052302,0.014841
9.8396,-0.051667,0.015
9.8417,-0.051349,0.015
9.8438,-0.051825,0.015
9.8458,-0.052778,0.015
9.8479,-0.053889,0.015317
9.85,-0.054841,0.014841
9.8521,-0.055635,0.013571
9.8542,-0.054841,0.012937
9.8562,-0.053889,0.012937
9.8583,-0.052778,0.013571
9.8604,-0.050714,0.014841
9.8625,-0.051905,0.015317
9.8646,-0.055556,0.015
9.8667,-0.060238,0.015
9.8688,-0.062698,0.015
9.8708,-0.061508,0.015
9.8729,-0.056667,0.015
9.875,-0.052857,0.014683
9.8771,-0.050238,0.015159
9.8792,-0.052937,0.016111
9.8812,-0.057222,0.01754
9.8833,-0.061508,0.017698
9.8854,-0.065317,0.017698
9.8875,-0.065714,0.017222
9.8896,-0.063333,0.017381
9.8917,-0.061667,0.017857
9.8938,-0.059444,0.018968
9.8958,-0.059921,0.018651
9.8979,-0.062778,0.016984
9.9,-0.065556,0.014444
9.9021,-0.067937,0.011825
9.9042,-0.069127,0.0099206
9.9062,-0.068333,0.0095238
9.9083,-0.068651,0.01
9.9104,-0.068175,0.01
9.9125,-0.067222,0.01
9.9146,-0.066111,0.01
9.9167,-0.065159,0.01
9.9187,-0.065159,0.01
9.9208,-0.064762,0.0095238
9.9229,-0.063333,0.010238
9.925,-0.061667,0.011667
9.9271,-0.060238,0.013333
9.9292,-0.059524,0.014762
9.9313,-0.06,0.015476
9.9333,-0.06,0.015
9.9354,-0.060317,0.015
9.9375,-0.059841,0.015
9.9396,-0.058889,0.015
9.9417,-0.05746,0.015
9.9437,-0.056984,0.015
9.9458,-0.05746,0.015
9.9479,-0.059206,0.015
9.95,-0.059683,0.015
9.9521,-0.059365,0.015
9.9542,-0.057698,0.015
9.9563,-0.05627,0.015
9.9583,-0.055238,0.015
9.9604,-0.055079,0.015476
9.9625,-0.054841,0.014762
9.9646,-0.055635,0.013333
9.9667,-0.055,0.011667
9.9688,-0.053095,0.010238
9.9708,-0.049206,0.0095238
9.9729,-0.044762,0.01
9.975,-0.04119,0.01
9.9771,-0.039444,0.01
9.9792,-0.039762,0.01
9.9812,-0.041667,0.01
9.9833,-0.043333,0.01
9.9854,-0.045238,0.0096825
9.9875,-0.045238,0.010159
9.9896,-0.043333,0.011111
9.9917,-0.041667,0.012222
9.9938,-0.039762,0.013175
9.9958,-0.039762,0.013968
9.9979,-0.041667,0.013175
10,-0.043333,0.012222
10.002,-0.044762,0.011111
10.004,-0.045476,0.010159
10.006,-0.045,0.0096825
10.008,-0.045,0.01
10.01,-0.045,0.01
10.012,-0.045,0.01
10.015,-0.045,0.010476
10.017,-0.045,0.0097619
10.019,-0.045476,0.0078571
10.021,-0.044762,0.0069048
10.023,-0.043333,0.0069048
10.025,-0.041667,0.0078571
10.027,-0.039603,0.010238
10.029,-0.039841,0.010238
10.031,-0.042222,0.0083333
10.033,-0.045397,0.0066667
10.035,-0.045873,0.0052381
10.037,-0.043968,0.0045238
10.04,-0.04,0.005
10.042,-0.03619,0.005
10.044,-0.03619,0.005
10.046,-0.04,0.005
10.048,-0.043333,0.0053175
10.05,-0.04619,0.0048413
10.052,-0.048413,0.0035714
10.054,-0.04627,0.0029365
10.056,-0.043889,0.0029365
10.058,-0.041111,0.0035714
10.06,-0.037937,0.0048413
10.062,-0.037937,0.0053175
10.065,-0.041111,0.005
10.067,-0.044683,0.005
10.069,-0.045873,0.005
10.071,-0.044683,0.005
10.073,-0.041111,0.005
10.075,-0.038571,0.005
10.077,-0.037619,0.005
10.079,-0.038889,0.005
10.081,-0.039444,0.005
10.083,-0.039921,0.005
10.085,-0.040635,0.005
10.088,-0.039762,0.005
10.09,-0.038333,0.005
10.092,-0.036667,0.005
10.094,-0.035238,0.0054762
10.096,-0.034524,0.0047619
10.098,-0.035317,0.0033333
10.1,-0.035,0.0016667
10.102,-0.03381,0.0002381
10.104,-0.032222,-0.00047619
10.106,-0.030714,-0.00047619
10.108,-0.029762,0.0002381
10.11,-0.029841,0.0016667
10.113,-0.03,0.0033333
10.115,-0.03,0.0052381
10.117,-0.03,0.0052381
10.119,-0.030952,0.0033333
10.121,-0.029524,0.0011905
10.123,-0.026667,0.00047619
10.125,-0.023333,0.0011905
10.127,-0.020159,0.0038095
10.129,-0.019206,0.0045238
10.131,-0.021111,0.0038095
10.133,-0.022222,0.0016667
10.135,-0.023175,0.0002381
10.137,-0.023651,-0.00047619
10.14,-0.023333,0
10.142,-0.023175,0
10.144,-0.023413,0
10.146,-0.023889,0
10.148,-0.024444,0
10.15,-0.024921,0
10.152,-0.025317,0
10.154,-0.024921,0
10.156,-0.024444,0
10.158,-0.024048,0
10.16,-0.023333,0.00095238
10.162,-0.022619,-0.00047619
10.165,-0.023016,-0.0033333
10.167,-0.022143,-0.0066667
10.169,-0.018333,-0.0095238
10.171,-0.013333,-0.010952
10.173,-0.0081746,-0.010952
10.175,-0.0046032,-0.0095238
10.177,-0.0042063,-0.0066667
10.179,-0.005,-0.0033333
10.181,-0.005,0.00063492
10.183,-0.005,0.00039683
10.185,-0.0054762,-0.005
10.188,-0.0047619,-0.0072222
10.19,-0.0033333,-0.0072222
10.192,-0.0016667,-0.005
10.194,-0.00071429,-7.9365e-05
10.196,0.00071429,0.00087302
10.198,0.0011905,-0.0016667
10.2,0.0035714,-0.0033333
10.202,0.0054762,-0.0047619
10.204,0.0092857,-0.0054762
10.206,0.013095,-0.0054762
10.208,0.017143,-0.0047619
10.21,0.019524,-0.0033333
10.213,0.020952,-0.0016667
10.215,0.02,0.0002381
10.217,0.02,0.0002381
10.219,0.019206,-0.0016667
10.221,0.020397,-0.0033333
10.223,0.022778,-0.0047619
10.225,0.025556,-0.0054762
10.227,0.027937,-0.005
10.229,0.029127,-0.005
10.231,0.028333,-0.005
10.233,0.028333,-0.005
10.235,0.027698,-0.005
10.238,0.028651,-0.005
10.24,0.030556,-0.005
10.242,0.032778,-0.005
10.244,0.034683,-0.005
10.246,0.035635,-0.005
10.248,0.035,-0.005
10.25,0.035,-0.005
10.252,0.035,-0.0045238
10.254,0.034524,-0.0052381
10.256,0.035238,-0.0066667
10.258,0.036667,-0.0083333
10.26,0.038333,-0.0092857
10.262,0.039762,-0.010714
10.265,0.040317,-0.011667
10.267,0.040079,-0.013333
10.269,0.039762,-0.014762
10.271,0.041508,-0.015476
10.273,0.044365,-0.015476
10.275,0.047381,-0.014762
10.277,0.050556,-0.013333
10.279,0.050794,-0.011667
10.281,0.046905,-0.0096032
10.283,0.042381,-0.0090476
10.285,0.035952,-0.012302
10.287,0.027619,-0.017381
10.29,0.037937,-0.011111
10.292,0.019762,-0.019286
10.294,-0.066905,-0.077698
10.296,-0.18516,-0.16143
10.298,-0.30071,-0.24627
10.3,-0.37976,-0.30651
10.302,-0.3873,-0.31579
10.304,-0.37,-0.30167
10.306,-0.37,-0.30167
10.308,-0.37,-0.30087
10.31,-0.37,-0.30206
10.312,-0.37,-0.30444
10.315,-0.37,-0.30722
10.317,-0.37,-0.3096
10.319,-0.37,-0.31079
10.321,-0.37,-0.31
10.323,-0.36778,-0.31
10.325,-0.36317,-0.30048
10.327,-0.37762,-0.30524
10.329,-0.41492,-0.3481
10.331,-0.46198,-0.40984
10.333,-0.50524,-0.47198
10.335,-0.53063,-0.51532
10.338,-0.53365,-0.52063
10.34,-0.53532,-0.51
10.342,-0.54032,-0.51262
10.344,-0.54429,-0.51722
10.346,-0.54627,-0.52357
10.348,-0.54714,-0.52714
10.35,-0.54524,-0.52714
10.352,-0.54294,-0.52325
10.354,-0.54095,-0.52048
10.356,-0.53976,-0.51738
10.358,-0.53944,-0.51524
10.36,-0.54008,-0.51317
10.363,-0.53944,-0.51294
10.365,-0.53921,-0.51286
10.367,-0.53825,-0.51341
10.369,-0.53754,-0.51365
10.371,-0.53587,-0.51405
10.373,-0.53349,-0.51405
10.375,-0.53087,-0.51365
10.377,-0.53,-0.51175
10.379,-0.53143,-0.51143
10.381,-0.53452,-0.51032
10.383,-0.53833,-0.50937
10.385,-0.5419,-0.50675
10.387,-0.54333,-0.50563
10.39,-0.54421,-0.50659
10.392,-0.54675,-0.50865
10.394,-0.55071,-0.51175
10.396,-0.55849,-0.51587
10.398,-0.56675,-0.51683
10.4,-0.57262,-0.51683
10.402,-0.5754,-0.51524
10.404,-0.57579,-0.51222
10.406,-0.575,-0.51127
10.408,-0.57437,-0.5104
10.41,-0.57341,-0.50865
10.412,-0.57817,-0.50865
10.415,-0.58611,-0.51008
10.417,-0.59468,-0.51262
10.419,-0.60135,-0.51524
10.421,-0.60357,-0.51548
10.423,-0.60167,-0.515
10.425,-0.59579,-0.51357
10.427,-0.60254,-0.51492
10.429,-0.6223,-0.5204
10.431,-0.64952,-0.52762
10.433,-0.67865,-0.53492
10.435,-0.69984,-0.53992
10.438,-0.70325,-0.54024
10.44,-0.70548,-0.53944
10.442,-0.70595,-0.54024
10.444,-0.705,-0.54175
10.446,-0.70405,-0.54452
10.448,-0.70548,-0.54556
10.45,-0.70786,-0.54484
10.452,-0.7119,-0.54238
10.454,-0.71667,-0.54032
10.456,-0.71905,-0.53937
10.458,-0.7181,-0.54
10.46,-0.71714,-0.54
10.463,-0.71524,-0.54
10.465,-0.71452,-0.54
10.467,-0.715,-0.54
10.469,-0.715,-0.54
10.471,-0.71452,-0.54
10.473,-0.71524,-0.54
10.475,-0.71667,-0.54
10.477,-0.71865,-0.54
10.479,-0.7196,-0.54
10.481,-0.71937,-0.54
10.483,-0.71746,-0.54
10.485,-0.71698,-0.54
10.488,-0.71778,-0.54
10.49,-0.71889,-0.54
10.492,-0.71865,-0.54
10.494,-0.71754,-0.54
10.496,-0.71556,-0.54
10.498,-0.71452,-0.54
10.5,-0.71556,-0.54
10.502,-0.71754,-0.54
10.504,-0.71833,-0.54
10.506,-0.71905,-0.54
10.508,-0.71921,-0.54016
10.51,-0.71905,-0.54008
10.512,-0.71952,-0.53952
10.515,-0.72032,-0.53825
10.517,-0.72,-0.53675
10.519,-0.72,-0.53532
10.521,-0.72,-0.535
10.523,-0.72048,-0.53524
10.525,-0.71976,-0.53603
10.527,-0.71833,-0.53722
10.529,-0.71667,-0.53865
10.531,-0.71476,-0.53913
10.533,-0.71476,-0.5396
10.535,-0.71714,-0.5396
10.537,-0.71714,-0.53968
10.54,-0.71857,-0.53952
10.542,-0.72127,-0.53952
10.544,-0.72151,-0.53952
10.546,-0.72127,-0.54024
10.548,-0.7196,-0.54079
10.55,-0.71714,-0.54103
10.552,-0.71881,-0.54079
10.554,-0.72333,-0.54095
10.556,-0.72683,-0.54079
10.558,-0.72976,-0.54048
10.56,-0.72825,-0.5396
10.562,-0.72556,-0.53865
10.565,-0.72198,-0.53778
10.567,-0.72079,-0.53786
10.569,-0.72278,-0.53778
10.571,-0.72468,-0.53802
10.573,-0.7254,-0.53817
10.575,-0.72571,-0.53786
10.577,-0.72349,-0.53683
10.579,-0.7223,-0.53571
10.581,-0.72214,-0.53429
10.583,-0.71976,-0.53317
10.585,-0.71976,-0.53214
10.588,-0.72167,-0.53167
10.59,-0.72333,-0.53206
10.592,-0.72476,-0.53262
10.594,-0.72548,-0.53333
10.596,-0.725,-0.53421
10.598,-0.725,-0.53421
10.6,-0.725,-0.53444
10.602,-0.725,-0.5346
10.604,-0.725,-0.53468
10.606,-0.725,-0.53484
10.608,-0.725,-0.53452
10.61,-0.725,-0.53317
10.613,-0.725,-0.53238
10.615,-0.725,-0.53214
10.617,-0.72405,-0.53262
10.619,-0.72548,-0.53325
10.621,-0.72833,-0.53349
10.623,-0.73167,-0.53333
10.625,-0.73516,-0.53317
10.627,-0.73563,-0.53341
10.629,-0.73278,-0.53405
10.631,-0.72992,-0.53421
10.633,-0.72897,-0.53444
10.635,-0.72992,-0.5346
10.637,-0.73278,-0.53452
10.64,-0.73468,-0.53476
10.642,-0.73563,-0.53516
10.644,-0.735,-0.535
10.646,-0.735,-0.535
10.648,-0.73468,-0.535
10.65,-0.735,-0.535
10.652,-0.73619,-0.535
10.654,-0.73778,-0.535
10.656,-0.73929,-0.535
10.658,-0.74024,-0.535
10.66,-0.74016,-0.535
10.662,-0.74,-0.535
10.665,-0.74,-0.535
10.667,-0.74,-0.535
10.669,-0.74,-0.535
10.671,-0.73952,-0.535
10.673,-0.74024,-0.535
10.675,-0.74214,-0.53468
10.677,-0.7431,-0.53516
10.679,-0.7431,-0.53627
10.681,-0.74214,-0.53714
10.683,-0.73976,-0.53762
10.685,-0.73976,-0.53738
10.688,-0.74167,-0.53683
10.69,-0.74333,-0.53706
10.692,-0.74476,-0.53762
10.694,-0.74548,-0.53833
10.696,-0.745,-0.53921
10.698,-0.74452,-0.53921
10.7,-0.74524,-0.53944
10.702,-0.74667,-0.5396
10.704,-0.74786,-0.53968
10.706,-0.75,-0.53952
10.708,-0.75262,-0.53952
10.71,-0.7531,-0.53952
10.713,-0.7531,-0.54024
10.715,-0.75214,-0.54079
10.717,-0.74944,-0.54119
10.719,-0.74992,-0.54056
10.721,-0.75278,-0.54032
10.723,-0.75556,-0.54032
10.725,-0.75857,-0.54056
10.727,-0.75881,-0.54048
10.729,-0.75611,-0.54024
10.731,-0.75325,-0.53984
10.733,-0.7523,-0.54
10.735,-0.75389,-0.54
10.738,-0.75548,-0.54
10.74,-0.75595,-0.54016
10.742,-0.75595,-0.54008
10.744,-0.75405,-0.53921
10.746,-0.7531,-0.53841
10.748,-0.7531,-0.53786
10.75,-0.75151,-0.5377
10.752,-0.75151,-0.5381
10.754,-0.75278,-0.53849
10.756,-0.75389,-0.53833
10.758,-0.755,-0.53817
10.76,-0.75524,-0.53841
10.762,-0.75444,-0.53905
10.765,-0.75373,-0.53921
10.767,-0.75254,-0.53944
10.769,-0.75421,-0.5396
10.771,-0.75778,-0.53952
10.773,-0.76159,-0.53976
10.775,-0.76468,-0.53984
10.777,-0.76595,-0.54016
10.779,-0.765,-0.54127
10.781,-0.765,-0.54214
10.783,-0.765,-0.54262
10.785,-0.765,-0.54238
10.787,-0.765,-0.54198
10.79,-0.765,-0.54198
10.792,-0.765,-0.54206
10.794,-0.765,-0.54222
10.796,-0.765,-0.54262
10.798,-0.765,-0.54254
10.8,-0.765,-0.5427
10.802,-0.76468,-0.54238
10.804,-0.765,-0.5419
10.806,-0.76524,-0.54143
10.808,-0.7681,-0.54111
10.81,-0.77177,-0.54044
10.812,-0.77793,-0.54014
10.815,-0.78406,-0.54026
10.817,-0.78907,-0.54083
10.819,-0.79115,-0.54099
10.821,-0.79239,-0.54147
10.823,-0.79146,-0.54194
10.825,-0.79146,-0.54248
10.827,-0.79146,-0.54331
10.829,-0.79146,-0.54409
10.831,-0.79148,-0.54444
10.833,-0.79151,-0.54492
10.835,-0.79142,-0.54516
10.838,-0.79108,-0.545
10.84,-0.79111,-0.545
10.842,-0.79157,-0.545
10.844,-0.78751,-0.545
10.846,-0.78105,-0.54516
10.848,-0.77413,-0.54492
10.85,-0.76754,-0.54444
10.852,-0.7673,-0.54389
10.854,-0.77222,-0.54341
10.856,-0.77611,-0.54317
10.858,-0.78103,-0.54317
10.86,-0.78032,-0.54341
10.863,-0.77444,-0.54405
10.865,-0.7673,-0.54421
10.867,-0.76492,-0.54444
10.869,-0.76825,-0.5446
10.871,-0.77397,-0.54468
10.873,-0.77587,-0.54484
10.875,-0.77587,-0.54468
10.877,-0.77,-0.54325
10.879,-0.76571,-0.54175
10.881,-0.76333,-0.54048
10.883,-0.75952,-0.53992
10.885,-0.75952,-0.53984
10.887,-0.76333,-0.54
10.89,-0.76667,-0.54
10.892,-0.77048,-0.54
10.894,-0.77048,-0.54
10.896,-0.76667,-0.54
10.898,-0.76333,-0.54
10.9,-0.76,-0.54
10.902,-0.75929,-0.54
10.904,-0.76167,-0.54
10.906,-0.76333,-0.54
10.908,-0.7654,-0.54
10.91,-0.76516,-0.54
10.912,-0.76278,-0.54
10.915,-0.76056,-0.54
10.917,-0.75802,-0.54
10.919,-0.75802,-0.54
10.921,-0.76056,-0.54
10.923,-0.76278,-0.54
10.925,-0.76516,-0.54
10.927,-0.7654,-0.54
10.929,-0.76333,-0.54
10.931,-0.76167,-0.54
10.933,-0.75786,-0.54
10.935,-0.76071,-0.54
10.938,-0.76833,-0.54
10.94,-0.77667,-0.53952
10.942,-0.78381,-0.54024
10.944,-0.7877,-0.54167
10.946,-0.78484,-0.54349
10.948,-0.78405,-0.54468
10.95,-0.78254,-0.54492
10.952,-0.78135,-0.54373
10.954,-0.78079,-0.54349
10.956,-0.78119,-0.54373
10.958,-0.78159,-0.54444
10.96,-0.78175,-0.54492
10.963,-0.78111,-0.54516
10.965,-0.78056,-0.545
10.967,-0.78008,-0.545
10.969,-0.77984,-0.545
10.971,-0.78,-0.54516
10.973,-0.78,-0.54476
10.975,-0.78127,-0.54452
10.977,-0.77937,-0.54444
10.979,-0.77556,-0.54468
10.981,-0.77111,-0.54468
10.983,-0.76603,-0.5446
10.985,-0.76603,-0.54389
10.988,-0.77111,-0.54357
10.99,-0.77556,-0.5431
10.992,-0.77984,-0.54262
10.994,-0.78103,-0.5423
10.996,-0.77833,-0.54246
10.998,-0.77667,-0.54238
11,-0.77524,-0.54278
11.002,-0.77452,-0.54294
11.004,-0.775,-0.54302
11.006,-0.775,-0.54302
11.008,-0.775,-0.54278
11.01,-0.775,-0.5423
11.012,-0.775,-0.54246
11.015,-0.775,-0.54254
11.017,-0.775,-0.5427
11.019,-0.775,-0.54238
11.021,-0.775,-0.54175
11.023,-0.775,-0.54151
11.025,-0.77548,-0.54151
11.027,-0.77476,-0.54175
11.029,-0.77333,-0.54238
11.031,-0.77167,-0.54254
11.033,-0.77024,-0.54278
11.035,-0.76952,-0.54294
11.037,-0.7681,-0.54302
11.04,-0.77095,-0.54317
11.042,-0.77857,-0.54286
11.044,-0.78238,-0.54167
11.046,-0.78238,-0.54063
11.048,-0.77857,-0.53992
11.05,-0.76905,-0.53984
11.052,-0.76905,-0.54
11.054,-0.77667,-0.54
11.056,-0.78333,-0.54
11.058,-0.79095,-0.54
11.06,-0.79095,-0.54
11.062,-0.78333,-0.54
11.065,-0.77476,-0.54
11.067,-0.7719,-0.54
11.069,-0.77714,-0.54
11.071,-0.78071,-0.54
11.073,-0.78143,-0.54
11.075,-0.78167,-0.53968
11.077,-0.77548,-0.54016
11.079,-0.7719,-0.54127
11.081,-0.77143,-0.54214
11.083,-0.76429,-0.54246
11.085,-0.76429,-0.54278
11.088,-0.77,-0.54222
11.09,-0.775,-0.54206
11.092,-0.7804,-0.54198
11.094,-0.78087,-0.54198
11.096,-0.77611,-0.54222
11.098,-0.77111,-0.54254
11.1,-0.76944,-0.54278
11.102,-0.77159,-0.54294
11.104,-0.77492,-0.54302
11.106,-0.77825,-0.54317
11.108,-0.78206,-0.54286
11.11,-0.78143,-0.54167
11.113,-0.78071,-0.54063
11.115,-0.77929,-0.53992
11.117,-0.77452,-0.53984
11.119,-0.77452,-0.54
11.121,-0.77833,-0.54
11.123,-0.78167,-0.54
11.125,-0.78516,-0.54
11.127,-0.78563,-0.54
11.129,-0.78278,-0.54
11.131,-0.77992,-0.54
11.133,-0.77897,-0.54
11.135,-0.77992,-0.54
11.137,-0.78183,-0.54
11.14,-0.78516,-0.54
11.142,-0.78992,-0.53984
11.144,-0.79119,-0.54008
11.146,-0.79119,-0.54071
11.148,-0.78929,-0.54103
11.15,-0.785,-0.54087
11.152,-0.78429,-0.54095
11.154,-0.78667,-0.54056
11.156,-0.78833,-0.5404
11.158,-0.79024,-0.54048
11.16,-0.79024,-0.54024
11.162,-0.78833,-0.53984
11.165,-0.78619,-0.54
11.167,-0.78548,-0.54
11.169,-0.78667,-0.54
11.171,-0.7881,-0.54
11.173,-0.7881,-0.54
11.175,-0.78746,-0.54
11.177,-0.78508,-0.54
11.179,-0.78341,-0.54
11.181,-0.78278,-0.54
11.183,-0.78151,-0.54
11.185,-0.78151,-0.54016
11.188,-0.78278,-0.53992
11.19,-0.78389,-0.53944
11.192,-0.78516,-0.53873
11.194,-0.78516,-0.53849
11.196,-0.78389,-0.53889
11.198,-0.78278,-0.53921
11.2,-0.78056,-0.53944
11.202,-0.78198,-0.5396
11.204,-0.78611,-0.53968
11.206,-0.79056,-0.53968
11.208,-0.79532,-0.53976
11.21,-0.79579,-0.53881
11.213,-0.79167,-0.53802
11.215,-0.78833,-0.53698
11.217,-0.78452,-0.53603
11.219,-0.78452,-0.53579
11.221,-0.78738,-0.53579
11.223,-0.79214,-0.53468
11.225,-0.79881,-0.53294
11.227,-0.80214,-0.53159
11.229,-0.80119,-0.53127
11.231,-0.79833,-0.53143
11.233,-0.79548,-0.53222
11.235,-0.79762,-0.53254
11.238,-0.80333,-0.5327
11.24,-0.80786,-0.5327
11.242,-0.81119,-0.53254
11.244,-0.81024,-0.53095
11.246,-0.80833,-0.5304
11.248,-0.80667,-0.53016
11.25,-0.80524,-0.5304
11.252,-0.80452,-0.5304
11.254,-0.805,-0.53087
11.256,-0.805,-0.53151
11.258,-0.80595,-0.53254
11.26,-0.80452,-0.53349
11.262,-0.80167,-0.53421
11.265,-0.79833,-0.53421
11.267,-0.79452,-0.53444
11.269,-0.79452,-0.5346
11.271,-0.79833,-0.53468
11.273,-0.80167,-0.53484
11.275,-0.80548,-0.53468
11.277,-0.80548,-0.53325
11.279,-0.80167,-0.53175
11.281,-0.79833,-0.53048
11.283,-0.79405,-0.52992
11.285,-0.79476,-0.52984
11.287,-0.8,-0.53
11.29,-0.805,-0.53
11.292,-0.81087,-0.53
11.294,-0.81063,-0.53
11.296,-0.80444,-0.53
11.298,-0.79889,-0.53
11.3,-0.79222,-0.53
11.302,-0.7927,-0.53
11.304,-0.8,-0.53
11.306,-0.80667,-0.52952
11.308,-0.81365,-0.53024
11.31,-0.81524,-0.53167
11.312,-0.81032,-0.53365
11.315,-0.80135,-0.5346
11.317,-0.79103,-0.53437
11.319,-0.77968,-0.53278
11.321,-0.77238,-0.53183
11.323,-0.77175,-0.53135
11.325,-0.76651,-0.53135
11.327,-0.73913,-0.53183
11.329,-0.70357,-0.5331
11.331,-0.66778,-0.53373
11.333,-0.64397,-0.53373
11.335,-0.64127,-0.5331
11.338,-0.64667,-0.53214
11.34,-0.64667,-0.53151
11.342,-0.64651,-0.53103
11.344,-0.64675,-0.52808
11.346,-0.64722,-0.52402
11.348,-0.64778,-0.52019
11.35,-0.64825,-0.51792
11.352,-0.64849,-0.5171
11.354,-0.64833,-0.51765
11.356,-0.64833,-0.51771
11.358,-0.64927,-0.51771
11.36,-0.6488,-0.51765
11.363,-0.64544,-0.51774
11.365,-0.64009,-0.51788
11.367,-0.62858,-0.51814
11.369,-0.61647,-0.51844
11.371,-0.60624,-0.51867
11.373,-0.59688,-0.51843
11.375,-0.59021,-0.51864
11.377,-0.57902,-0.51946
11.379,-0.56292,-0.52211
11.381,-0.54952,-0.52548
11.383,-0.53921,-0.52848
11.385,-0.53778,-0.53006
11.387,-0.54444,-0.53048
11.39,-0.54889,-0.53
11.392,-0.55413,-0.53
11.394,-0.55389,-0.53
11.396,-0.54833,-0.53
11.398,-0.54333,-0.53
11.4,-0.53762,-0.53
11.402,-0.53762,-0.53
11.404,-0.54333,-0.53
11.406,-0.54833,-0.53
11.408,-0.55405,-0.53
11.41,-0.55405,-0.53
11.412,-0.54833,-0.53
11.415,-0.54333,-0.53
11.417,-0.53825,-0.53
11.419,-0.5373,-0.53
11.421,-0.54111,-0.53
11.423,-0.54389,-0.53
11.425,-0.54786,-0.53
11.427,-0.54667,-0.53
11.429,-0.54111,-0.53
11.431,-0.53556,-0.53
11.433,-0.52921,-0.53
11.435,-0.52921,-0.53
11.438,-0.53556,-0.53
11.44,-0.54111,-0.53
11.442,-0.54762,-0.53048
11.444,-0.54738,-0.52976
11.446,-0.54056,-0.52833
11.448,-0.53444,-0.52667
11.45,-0.52651,-0.52524
11.452,-0.52794,-0.52452
11.454,-0.53778,-0.525
11.456,-0.54722,-0.525
11.458,-0.55786,-0.525
11.46,-0.5581,-0.525
11.463,-0.54778,-0.525
11.465,-0.53889,-0.525
11.467,-0.52873,-0.525
11.469,-0.52873,-0.525
11.471,-0.53889,-0.525
11.473,-0.54778,-0.525
11.475,-0.55794,-0.525
11.477,-0.55794,-0.525
11.479,-0.54778,-0.52548
11.481,-0.53889,-0.52476
11.483,-0.52873,-0.52333
11.485,-0.52873,-0.52119
11.488,-0.53889,-0.52095
11.49,-0.54778,-0.52095
11.492,-0.55794,-0.52119
11.494,-0.55794,-0.52167
11.496,-0.54778,-0.52286
11.498,-0.53889,-0.52214
11.5,-0.52937,-0.52333
11.502,-0.52841,-0.52381
11.504,-0.53667,-0.52405
11.506,-0.54333,-0.52405
11.508,-0.54905,-0.52365
11.51,-0.5519,-0.52175
11.512,-0.55,-0.52159
11.515,-0.55,-0.52024
11.517,-0.55,-0.51881
11.519,-0.54905,-0.51548
11.521,-0.54857,-0.51413
11.523,-0.55365,-0.51532
11.525,-0.56127,-0.5181
11.527,-0.57627,-0.52167
11.529,-0.59278,-0.52603
11.531,-0.60492,-0.52603
11.533,-0.61111,-0.52722
11.535,-0.61405,-0.52802
11.537,-0.61167,-0.52841
11.54,-0.61167,-0.52873
11.542,-0.61294,-0.52786
11.544,-0.61103,-0.52286
11.546,-0.60722,-0.52008
11.548,-0.60278,-0.51937
11.55,-0.59897,-0.52135
11.552,-0.59706,-0.5231
11.554,-0.59833,-0.52429
11.556,-0.59833,-0.5231
11.558,-0.5977,-0.52119
11.56,-0.59675,-0.52024
11.562,-0.60008,-0.52071
11.565,-0.60968,-0.52048
11.567,-0.62087,-0.52167
11.569,-0.63754,-0.52214
11.571,-0.65286,-0.5219
11.573,-0.66286,-0.52198
11.575,-0.66929,-0.52413
11.577,-0.67365,-0.5254
11.579,-0.66937,-0.52802
11.581,-0.66556,-0.53016
11.583,-0.65984,-0.53103
11.585,-0.65921,-0.53056
11.588,-0.65794,-0.53095
11.59,-0.66175,-0.53087
11.592,-0.66619,-0.53087
11.594,-0.66683,-0.53079
11.596,-0.66365,-0.53079
11.598,-0.66238,-0.53071
11.6,-0.6573,-0.53111
11.602,-0.6554,-0.53127
11.604,-0.65667,-0.53135
11.606,-0.65667,-0.53135
11.608,-0.65683,-0.53127
11.61,-0.65659,-0.53071
11.613,-0.65611,-0.53016
11.615,-0.65556,-0.52921
11.617,-0.65413,-0.52833
11.619,-0.65627,-0.52714
11.621,-0.65786,-0.52667
11.623,-0.65833,-0.52706
11.625,-0.65929,-0.52762
11.627,-0.65571,-0.52833
11.629,-0.64905,-0.52921
11.631,-0.645,-0.52921
11.633,-0.63833,-0.52944
11.635,-0.63976,-0.5296
11.637,-0.64833,-0.52968
11.64,-0.65667,-0.52952
11.642,-0.66651,-0.52952
11.644,-0.66603,-0.52952
11.646,-0.65556,-0.53024
11.648,-0.64611,-0.53079
11.65,-0.635,-0.53103
11.652,-0.63548,-0.53079
11.654,-0.64722,-0.53063
11.656,-0.65778,-0.53095
11.658,-0.66984,-0.53127
11.66,-0.66984,-0.53198
11.662,-0.65778,-0.5331
11.665,-0.64722,-0.53341
11.667,-0.63611,-0.53389
11.669,-0.63468,-0.53421
11.671,-0.64389,-0.53437
11.673,-0.65111,-0.53405
11.675,-0.65905,-0.53437
11.677,-0.65952,-0.53389
11.679,-0.65222,-0.53437
11.681,-0.64611,-0.53437
11.683,-0.63992,-0.53421
11.685,-0.63873,-0.53294
11.688,-0.64254,-0.5319
11.69,-0.64706,-0.53071
11.692,-0.6531,-0.52984
11.694,-0.65611,-0.52905
11.696,-0.65516,-0.52897
11.698,-0.65357,-0.52905
11.7,-0.64881,-0.52944
11.702,-0.65,-0.5296
11.704,-0.65556,-0.52968
11.706,-0.66111,-0.52968
11.708,-0.66746,-0.52944
11.71,-0.66746,-0.52897
11.713,-0.66111,-0.52913
11.715,-0.65413,-0.52921
11.717,-0.65103,-0.52937
11.719,-0.65413,-0.52873
11.721,-0.66143,-0.52873
11.723,-0.66595,-0.52921
11.725,-0.67024,-0.52984
11.727,-0.66452,-0.53048
11.729,-0.65619,-0.53111
11.731,-0.64833,-0.53071
11.733,-0.63881,-0.53111
11.735,-0.63881,-0.53127
11.738,-0.64833,-0.53135
11.74,-0.65667,-0.53135
11.742,-0.66619,-0.53127
11.744,-0.66619,-0.53056
11.746,-0.65667,-0.53008
11.748,-0.64833,-0.52984
11.75,-0.63881,-0.53
11.752,-0.63881,-0.53
11.754,-0.64833,-0.53
11.756,-0.65667,-0.53
11.758,-0.66524,-0.53
11.76,-0.66667,-0.53
11.762,-0.66,-0.53
11.765,-0.655,-0.53
11.767,-0.64929,-0.53
11.769,-0.64929,-0.53
11.771,-0.655,-0.53
11.773,-0.66,-0.52952
11.775,-0.66571,-0.53024
11.777,-0.66571,-0.53167
11.779,-0.66,-0.53365
11.781,-0.655,-0.5346
11.783,-0.64976,-0.53437
11.785,-0.64905,-0.53278
11.787,-0.65333,-0.53183
11.79,-0.65667,-0.53135
11.792,-0.66048,-0.53135
11.794,-0.66048,-0.53183
11.796,-0.65667,-0.5331
11.798,-0.65333,-0.53341
11.8,-0.64952,-0.53389
11.802,-0.64952,-0.53421
11.804,-0.65333,-0.53437
11.806,-0.65667,-0.53452
11.808,-0.66048,-0.53413
11.81,-0.66048,-0.53222
11.812,-0.65667,-0.53087
11.815,-0.65333,-0.52968
11.817,-0.64857,-0.52929
11.819,-0.65,-0.52889
11.821,-0.65667,-0.52841
11.823,-0.66333,-0.52817
11.825,-0.67048,-0.52817
11.827,-0.67119,-0.52841
11.829,-0.665,-0.52905
11.831,-0.66,-0.52921
11.833,-0.65429,-0.52944
11.835,-0.65429,-0.5296
11.838,-0.66,-0.52968
11.84,-0.665,-0.52984
11.842,-0.66929,-0.52968
11.844,-0.67143,-0.52825
11.846,-0.67,-0.52675
11.848,-0.67,-0.52548
11.85,-0.66857,-0.52492
11.852,-0.67071,-0.52484
11.854,-0.675,-0.525
11.856,-0.68,-0.525
11.858,-0.68571,-0.525
11.86,-0.68571,-0.525
11.863,-0.68,-0.525
11.865,-0.675,-0.525
11.867,-0.66929,-0.525
11.869,-0.66929,-0.525
11.871,-0.675,-0.525
11.873,-0.68,-0.52452
11.875,-0.68667,-0.52524
11.877,-0.68524,-0.52667
11.879,-0.67667,-0.52833
11.881,-0.66833,-0.52976
11.883,-0.65929,-0.53048
11.885,-0.65857,-0.53
11.887,-0.66667,-0.53
11.89,-0.67333,-0.53
11.892,-0.68032,-0.53
11.894,-0.68127,-0.53
11.896,-0.67556,-0.53
11.898,-0.67111,-0.53
11.9,-0.66603,-0.53
11.902,-0.66603,-0.53
11.904,-0.67111,-0.53
11.906,-0.67556,-0.52952
11.908,-0.68032,-0.53024
11.91,-0.68079,-0.53167
11.912,-0.67667,-0.53333
11.915,-0.67333,-0.53476
11.917,-0.66794,-0.53548
11.919,-0.67032,-0.535
11.921,-0.67889,-0.535
11.923,-0.68778,-0.535
11.925,-0.69794,-0.535
11.927,-0.69794,-0.535
11.929,-0.68778,-0.535
11.931,-0.67889,-0.535
11.933,-0.66984,-0.535
11.935,-0.66817,-0.535
11.938,-0.675,-0.535
11.94,-0.68,-0.535
11.942,-0.68524,-0.53484
11.944,-0.68595,-0.53492
11.946,-0.68167,-0.53563
11.948,-0.67833,-0.53667
11.95,-0.67452,-0.5377
11.952,-0.67452,-0.53841
11.954,-0.67833,-0.53849
11.956,-0.68167,-0.53833
11.958,-0.68548,-0.53817
11.96,-0.68548,-0.53841
11.963,-0.68167,-0.53905
11.965,-0.67833,-0.53921
11.967,-0.675,-0.53944
11.969,-0.67429,-0.5396
11.971,-0.67619,-0.53952
11.973,-0.67857,-0.53929
11.975,-0.6819,-0.5404
11.977,-0.68357,-0.54167
11.979,-0.6831,-0.54365
11.981,-0.68214,-0.5446
11.983,-0.67976,-0.54437
11.985,-0.67976,-0.54294
11.988,-0.68167,-0.54175
11.99,-0.68333,-0.54079
11.992,-0.68524,-0.54056
11.994,-0.68524,-0.54008
11.996,-0.68333,-0.53984
11.998,-0.68119,-0.54
12,-0.68,-0.54
12.002,-0.68143,-0.54
12.004,-0.685,-0.54
12.006,-0.6881,-0.54
12.008,-0.69119,-0.54
12.01,-0.69,-0.54
12.012,-0.68667,-0.54
12.015,-0.68333,-0.54
12.017,-0.67952,-0.54
12.019,-0.67952,-0.54
12.021,-0.68333,-0.54
12.023,-0.68667,-0.54
12.025,-0.69048,-0.54
12.027,-0.69048,-0.54
12.029,-0.68667,-0.54
12.031,-0.68333,-0.54
12.033,-0.67921,-0.54
12.035,-0.67952,-0.54
12.037,-0.68452,-0.54
12.04,-0.68843,-0.54
12.042,-0.69432,-0.54079
12.044,-0.69995,-0.5396
12.046,-0.70213,-0.53722
12.048,-0.70436,-0.53444
12.05,-0.70511,-0.53206
12.052,-0.70344,-0.53087
12.054,-0.70312,-0.53167
12.056,-0.70333,-0.53167
12.058,-0.70355,-0.53151
12.06,-0.70344,-0.53175
12.062,-0.70246,-0.53222
12.065,-0.70104,-0.53278
12.067,-0.69962,-0.53325
12.069,-0.69864,-0.53349
12.071,-0.69853,-0.53333
12.073,-0.69875,-0.53317
12.075,-0.69879,-0.53341
12.077,-0.69895,-0.53373
12.079,-0.6985,-0.53452
12.081,-0.69771,-0.53548
12.083,-0.69683,-0.53627
12.085,-0.69611,-0.53659
12.088,-0.69582,-0.53683
12.09,-0.69604,-0.53667
12.092,-0.69604,-0.53651
12.094,-0.69626,-0.53675
12.096,-0.69593,-0.53722
12.098,-0.69528,-0.53762
12.1,-0.69517,-0.53833
12.102,-0.69419,-0.53905
12.104,-0.69091,-0.53944
12.106,-0.68783,-0.53992
12.108,-0.6831,-0.54016
12.11,-0.67586,-0.54
12.113,-0.66935,-0.54016
12.115,-0.66381,-0.53992
12.117,-0.65905,-0.53944
12.119,-0.65929,-0.53889
12.121,-0.66167,-0.53841
12.123,-0.66333,-0.53817
12.125,-0.66524,-0.53817
12.127,-0.66524,-0.53841
12.129,-0.66333,-0.53905
12.131,-0.66167,-0.53921
12.133,-0.65976,-0.53944
12.135,-0.65976,-0.5396
12.137,-0.66167,-0.53968
12.14,-0.66333,-0.53952
12.142,-0.66524,-0.53968
12.144,-0.66524,-0.53944
12.146,-0.66333,-0.53952
12.148,-0.66167,-0.53976
12.15,-0.65976,-0.54016
12.152,-0.65976,-0.54
12.154,-0.66167,-0.54
12.156,-0.66333,-0.54
12.158,-0.66524,-0.54
12.16,-0.66524,-0.54
12.162,-0.66333,-0.54
12.165,-0.66167,-0.54
12.167,-0.65929,-0.54
12.169,-0.66,-0.54
12.171,-0.66333,-0.54
12.173,-0.66667,-0.54
12.175,-0.66952,-0.54
12.177,-0.67095,-0.53984
12.179,-0.67,-0.54024
12.181,-0.67,-0.54032
12.183,-0.67,-0.54063
12.185,-0.67,-0.54103
12.188,-0.67,-0.54151
12.19,-0.67,-0.54135
12.192,-0.67,-0.54111
12.194,-0.67,-0.54063
12.196,-0.67,-0.54079
12.198,-0.67,-0.54071
12.2,-0.67,-0.54111
12.202,-0.67095,-0.54127
12.204,-0.66952,-0.54135
12.206,-0.66667,-0.54135
12.208,-0.66476,-0.54127
12.21,-0.65976,-0.54056
12.213,-0.65405,-0.54008
12.215,-0.65,-0.53984
12.217,-0.64429,-0.54
12.219,-0.64429,-0.54
12.221,-0.65,-0.54
12.223,-0.655,-0.54
12.225,-0.66071,-0.54
12.227,-0.66071,-0.54
12.229,-0.655,-0.54
12.231,-0.65,-0.54
12.233,-0.64476,-0.54
12.235,-0.64405,-0.54
12.238,-0.64833,-0.54
12.24,-0.65167,-0.54
12.242,-0.65579,-0.54048
12.244,-0.65532,-0.53976
12.246,-0.65056,-0.53833
12.248,-0.64611,-0.53667
12.25,-0.64103,-0.53524
12.252,-0.64103,-0.53452
12.254,-0.64611,-0.535
12.256,-0.65056,-0.535
12.258,-0.65579,-0.535
12.26,-0.65556,-0.535
12.262,-0.65,-0.535
12.265,-0.645,-0.535
12.267,-0.63802,-0.535
12.269,-0.63992,-0.535
12.271,-0.64944,-0.535
12.273,-0.65889,-0.535
12.275,-0.66968,-0.535
12.277,-0.66968,-0.535
12.279,-0.65889,-0.535
12.281,-0.64944,-0.535
12.283,-0.63849,-0.535
12.285,-0.63873,-0.535
12.287,-0.65,-0.535
12.29,-0.66,-0.535
12.292,-0.67111,-0.535
12.294,-0.67159,-0.535
12.296,-0.66111,-0.535
12.298,-0.65222,-0.535
12.3,-0.64143,-0.535
12.302,-0.64238,-0.535
12.304,-0.65444,-0.535
12.306,-0.66556,-0.535
12.308,-0.67825,-0.535
12.31,-0.67825,-0.535
12.312,-0.66556,-0.535
12.315,-0.65444,-0.535
12.317,-0.6419,-0.535
12.319,-0.64167,-0.535
12.321,-0.65389,-0.535
12.323,-0.66444,-0.535
12.325,-0.67667,-0.535
12.327,-0.67643,-0.535
12.329,-0.66389,-0.535
12.331,-0.65278,-0.535
12.333,-0.64008,-0.535
12.335,-0.64008,-0.535
12.338,-0.65278,-0.535
12.34,-0.66389,-0.535
12.342,-0.67659,-0.53484
12.344,-0.67659,-0.53492
12.346,-0.66389,-0.53563
12.348,-0.65278,-0.53667
12.35,-0.64008,-0.5377
12.352,-0.64008,-0.53841
12.354,-0.65278,-0.53865
12.356,-0.66389,-0.53825
12.358,-0.67532,-0.53762
12.36,-0.67722,-0.5373
12.363,-0.66833,-0.53746
12.365,-0.66167,-0.53738
12.367,-0.65373,-0.53778
12.369,-0.65421,-0.53794
12.371,-0.66278,-0.53786
12.373,-0.67056,-0.5381
12.375,-0.67944,-0.53881
12.377,-0.67944,-0.53817
12.379,-0.67056,-0.53722
12.381,-0.66278,-0.53611
12.383,-0.65373,-0.53516
12.385,-0.65397,-0.53468
12.387,-0.66333,-0.535
12.39,-0.67167,-0.535
12.392,-0.68119,-0.535
12.394,-0.68119,-0.535
12.396,-0.67167,-0.535
12.398,-0.66333,-0.535
12.4,-0.65381,-0.535
12.402,-0.65381,-0.535
12.404,-0.66333,-0.535
12.406,-0.67167,-0.535
12.408,-0.68119,-0.53484
12.41,-0.68119,-0.53508
12.412,-0.67167,-0.53587
12.415,-0.66333,-0.53595
12.417,-0.65381,-0.53548
12.419,-0.65381,-0.53444
12.421,-0.66333,-0.53373
12.423,-0.67167,-0.53349
12.425,-0.68103,-0.53373
12.427,-0.68127,-0.53389
12.429,-0.67222,-0.53429
12.431,-0.66444,-0.53405
12.433,-0.65556,-0.53444
12.435,-0.65556,-0.5346
12.438,-0.66444,-0.53468
12.44,-0.67222,-0.535
12.442,-0.68095,-0.53444
12.444,-0.68119,-0.53262
12.446,-0.67278,-0.53127
12.448,-0.66556,-0.53056
12.45,-0.6573,-0.53079
12.452,-0.6573,-0.53143
12.454,-0.66556,-0.53206
12.456,-0.67278,-0.53214
12.458,-0.6804,-0.53206
12.46,-0.68135,-0.53222
12.463,-0.675,-0.53262
12.465,-0.67,-0.53238
12.467,-0.66317,-0.53278
12.469,-0.66484,-0.53294
12.471,-0.67389,-0.53286
12.473,-0.68278,-0.5331
12.475,-0.69246,-0.53381
12.477,-0.69317,-0.53317
12.479,-0.68444,-0.53222
12.481,-0.67722,-0.53111
12.483,-0.66817,-0.53016
12.485,-0.66937,-0.52968
12.488,-0.68,-0.53
12.49,-0.69,-0.53
12.492,-0.70143,-0.53
12.494,-0.70143,-0.53
12.496,-0.69,-0.53
12.498,-0.68,-0.53
12.5,-0.66841,-0.53
12.502,-0.66865,-0.53
12.504,-0.68056,-0.53
12.506,-0.69111,-0.53
12.508,-0.70238,-0.53032
12.51,-0.70357,-0.52984
12.512,-0.69389,-0.52889
12.515,-0.68611,-0.52778
12.517,-0.67675,-0.52667
12.519,-0.67746,-0.52643
12.521,-0.68778,-0.52738
12.523,-0.69722,-0.5277
12.525,-0.70738,-0.52754
12.527,-0.70833,-0.52746
12.529,-0.69944,-0.52746
12.531,-0.69222,-0.52738
12.533,-0.68302,-0.52778
12.535,-0.68444,-0.52794
12.537,-0.69556,-0.52786
12.54,-0.70611,-0.5281
12.542,-0.71817,-0.52881
12.544,-0.71817,-0.52817
12.546,-0.70611,-0.52722
12.548,-0.69556,-0.52611
12.55,-0.68333,-0.52516
12.552,-0.68357,-0.52468
12.554,-0.69611,-0.525
12.556,-0.70722,-0.525
12.558,-0.71944,-0.525
12.56,-0.72016,-0.525
12.562,-0.70889,-0.525
12.565,-0.69944,-0.525
12.567,-0.68913,-0.525
12.569,-0.68841,-0.525
12.571,-0.69778,-0.525
12.573,-0.70556,-0.525
12.575,-0.71444,-0.52548
12.577,-0.71444,-0.52476
12.579,-0.70556,-0.52333
12.581,-0.69778,-0.52167
12.583,-0.68889,-0.52024
12.585,-0.68889,-0.51952
12.588,-0.69778,-0.52
12.59,-0.70556,-0.52
12.592,-0.71397,-0.52
12.594,-0.71468,-0.52
12.596,-0.70722,-0.52
12.598,-0.70111,-0.52
12.6,-0.69286,-0.52
12.602,-0.69476,-0.52
12.604,-0.70556,-0.52
12.606,-0.71611,-0.52048
12.608,-0.72817,-0.51976
12.61,-0.72817,-0.51833
12.613,-0.71611,-0.51667
12.615,-0.70556,-0.51524
12.617,-0.69365,-0.51452
12.619,-0.69341,-0.51452
12.621,-0.705,-0.51571
12.623,-0.715,-0.51643
12.625,-0.72595,-0.51635
12.627,-0.72667,-0.51659
12.629,-0.71667,-0.51714
12.631,-0.70833,-0.51627
12.633,-0.69881,-0.51722
12.635,-0.69881,-0.51754
12.637,-0.70833,-0.51738
12.64,-0.71667,-0.51786
12.642,-0.72571,-0.51929
12.644,-0.72643,-0.51802
12.646,-0.71833,-0.51611
12.648,-0.71167,-0.51389
12.65,-0.7031,-0.51198
12.652,-0.70452,-0.51103
12.654,-0.715,-0.51183
12.656,-0.725,-0.51159
12.658,-0.73595,-0.51095
12.66,-0.73667,-0.51063
12.662,-0.72667,-0.51079
12.665,-0.71833,-0.51071
12.667,-0.70881,-0.51111
12.669,-0.70881,-0.51127
12.671,-0.71833,-0.51119
12.673,-0.72667,-0.51127
12.675,-0.73556,-0.51175
12.677,-0.73651,-0.51183
12.679,-0.72889,-0.51357
12.681,-0.72278,-0.51603
12.683,-0.71579,-0.51825
12.685,-0.71579,-0.51984
12.688,-0.72278,-0.52127
12.69,-0.72889,-0.52159
12.692,-0.73492,-0.52198
12.694,-0.73635,-0.52238
12.696,-0.73222,-0.52262
12.698,-0.72944,-0.52238
12.7,-0.72627,-0.52278
12.702,-0.72627,-0.52294
12.704,-0.72944,-0.52286
12.706,-0.73222,-0.52294
12.708,-0.7354,-0.52357
12.71,-0.7354,-0.52389
12.713,-0.73222,-0.52444
12.715,-0.72944,-0.52492
12.717,-0.72532,-0.52468
12.719,-0.72675,-0.52524
12.721,-0.73278,-0.52714
12.723,-0.73889,-0.52762
12.725,-0.74556,-0.52833
12.727,-0.74603,-0.52881
12.729,-0.74,-0.52857
12.731,-0.735,-0.52929
12.733,-0.72849,-0.53048
12.735,-0.72968,-0.53
12.738,-0.73778,-0.53
12.74,-0.74556,-0.53095
12.742,-0.75444,-0.52952
12.744,-0.75444,-0.52667
12.746,-0.74556,-0.52333
12.748,-0.73778,-0.52048
12.75,-0.72873,-0.51889
12.752,-0.72897,-0.52008
12.754,-0.73833,-0.52071
12.756,-0.74667,-0.52103
12.758,-0.75476,-0.52087
12.76,-0.7569,-0.52079
12.762,-0.75167,-0.52079
12.765,-0.74833,-0.52071
12.767,-0.74452,-0.52111
12.769,-0.74452,-0.52127
12.771,-0.74833,-0.52119
12.773,-0.75167,-0.5219
12.775,-0.75548,-0.52159
12.777,-0.75548,-0.52
12.779,-0.75167,-0.51833
12.781,-0.74833,-0.5169
12.783,-0.74341,-0.51587
12.785,-0.74508,-0.51683
12.787,-0.75222,-0.5181
12.79,-0.75944,-0.51873
12.792,-0.76913,-0.51841
12.794,-0.76698,-0.51825
12.796,-0.75444,-0.51841
12.798,-0.74222,-0.51786
12.8,-0.72825,-0.51841
12.802,-0.72825,-0.51865
12.804,-0.74222,-0.51857
12.806,-0.75444,-0.51929
12.808,-0.76841,-0.52079
12.81,-0.76841,-0.51984
12.812,-0.75444,-0.51889
12.815,-0.74222,-0.51778
12.817,-0.7281,-0.51683
12.819,-0.72833,-0.51635
12.821,-0.74278,-0.51683
12.823,-0.75556,-0.51659
12.825,-0.77016,-0.51595
12.827,-0.77016,-0.51563
12.829,-0.75556,-0.51579
12.831,-0.74278,-0.51587
12.833,-0.72817,-0.51603
12.835,-0.72817,-0.51571
12.838,-0.74278,-0.51508
12.84,-0.75556,-0.51484
12.842,-0.77016,-0.515
12.844,-0.77016,-0.515
12.846,-0.75556,-0.515
12.848,-0.74278,-0.515
12.85,-0.72754,-0.51468
12.852,-0.72849,-0.51516
12.854,-0.745,-0.51643
12.856,-0.76,-0.51706
12.858,-0.77651,-0.51675
12.86,-0.77746,-0.51659
12.862,-0.76222,-0.51659
12.865,-0.74944,-0.51643
12.867,-0.73484,-0.51722
12.869,-0.73484,-0.51754
12.871,-0.74944,-0.51738
12.873,-0.76222,-0.51817
12.875,-0.77683,-0.51849
12.877,-0.77683,-0.51722
12.879,-0.76222,-0.51611
12.881,-0.74944,-0.51516
12.883,-0.73675,-0.51468
12.885,-0.73389,-0.51452
12.887,-0.74278,-0.51571
12.89,-0.74889,-0.51643
12.892,-0.75603,-0.51619
12.894,-0.75579,-0.51667
12.896,-0.74833,-0.5177
12.898,-0.74167,-0.51738
12.9,-0.73452,-0.51881
12.902,-0.73381,-0.51937
12.904,-0.74,-0.51905
12.906,-0.745,-0.51952
12.908,-0.75167,-0.52048
12.91,-0.75024,-0.51992
12.912,-0.74167,-0.51944
12.915,-0.73333,-0.51889
12.917,-0.72381,-0.51841
12.919,-0.72381,-0.51817
12.921,-0.73333,-0.51849
12.923,-0.74167,-0.51825
12.925,-0.7496,-0.51762
12.927,-0.75198,-0.5173
12.929,-0.74722,-0.51762
12.931,-0.74444,-0.51714
12.933,-0.73984,-0.5173
12.935,-0.74198,-0.51738
12.938,-0.74944,-0.51738
12.94,-0.75722,-0.51817
12.942,-0.76611,-0.51881
12.944,-0.76611,-0.51706
12.946,-0.75722,-0.515
12.948,-0.74944,-0.51294
12.95,-0.73944,-0.51151
12.952,-0.74111,-0.51135
12.954,-0.75333,-0.51167
12.956,-0.765,-0.51167
12.958,-0.77897,-0.51167
12.96,-0.77802,-0.51167
12.963,-0.76278,-0.51198
12.965,-0.74937,-0.51119
12.967,-0.73675,-0.5104
12.969,-0.72937,-0.51056
12.971,-0.73167,-0.51188
12.973,-0.73024,-0.51384
12.975,-0.73036,-0.51577
12.977,-0.73208,-0.51785
12.979,-0.72679,-0.52022
12.981,-0.72232,-0.52189
12.983,-0.70798,-0.52363
12.985,-0.66833,-0.52775
12.987,-0.59881,-0.53577
12.99,-0.49107,-0.55095
12.992,-0.38887,-0.56711
12.994,-0.30036,-0.5786
12.996,-0.22131,-0.58405
12.998,-0.15405,-0.58503
13,-0.10256,-0.58396
13.002,-0.059286,-0.58432
13.004,-0.050298,-0.58414
13.006,-0.048512,-0.58408
13.008,-0.043988,-0.58586
13.01,-0.038512,-0.58854
13.012,-0.036607,-0.59128
13.015,-0.040893,-0.59324
13.017,-0.045417,-0.5936
13.019,-0.050179,-0.5936
13.021,-0.05375,-0.59328
13.023,-0.055655,-0.59124
13.025,-0.053274,-0.58841
13.027,-0.050417,-0.58563
13.029,-0.047083,-0.58377
13.031,-0.043274,-0.5838
13.033,-0.042798,-0.58456
13.035,-0.046845,-0.58499
13.037,-0.052321,-0.58541
13.04,-0.058274,-0.58565
13.042,-0.062798,-0.58568
13.044,-0.063036,-0.58563
13.046,-0.063274,-0.58557
13.048,-0.067798,-0.5856
13.05,-0.075417,-0.58586
13.052,-0.083274,-0.58619
13.054,-0.088988,-0.58665
13.056,-0.090179,-0.58712
13.058,-0.087798,-0.58742
13.06,-0.089226,-0.58759
13.062,-0.092083,-0.58777
13.065,-0.096369,-0.5878
13.067,-0.098274,-0.58785
13.069,-0.096448,-0.58791
13.071,-0.090258,-0.58855
13.073,-0.084782,-0.58761
13.075,-0.080813,-0.58576
13.077,-0.080099,-0.58361
13.079,-0.079782,-0.58177
13.081,-0.080575,-0.58084
13.083,-0.081052,-0.58146
13.085,-0.081925,-0.58146
13.088,-0.082401,-0.5813
13.09,-0.088591,-0.58154
13.092,-0.10875,-0.58201
13.094,-0.13542,-0.58257
13.096,-0.1597,-0.58305
13.098,-0.17518,-0.58328
13.1,-0.17756,-0.58313
13.102,-0.17375,-0.58313
13.104,-0.1728,-0.58313
13.106,-0.1728,-0.58297
13.108,-0.1751,-0.5832
13.11,-0.18677,-0.58368
13.112,-0.20272,-0.58344
13.115,-0.21788,-0.58432
13.117,-0.22716,-0.58892
13.119,-0.22978,-0.59273
13.121,-0.20819,-0.59408
13.123,-0.22859,-0.59701
13.125,-0.29621,-0.59963
13.127,-0.38565,-0.60186
13.129,-0.47407,-0.60646
13.131,-0.53772,-0.60844
13.133,-0.54573,-0.60717
13.135,-0.55153,-0.6067
13.137,-0.55923,-0.60876
13.14,-0.56042,-0.61154
13.142,-0.55891,-0.61535
13.144,-0.55875,-0.61876
13.146,-0.55685,-0.62066
13.148,-0.5597,-0.61979
13.15,-0.56542,-0.62003
13.152,-0.57208,-0.62027
13.154,-0.5797,-0.62019
13.156,-0.5797,-0.62035
13.158,-0.57208,-0.62074
13.16,-0.56542,-0.62051
13.162,-0.5597,-0.6209
13.165,-0.55685,-0.62106
13.167,-0.55875,-0.62098
13.169,-0.55875,-0.62122
13.171,-0.55923,-0.62162
13.173,-0.55851,-0.62146
13.175,-0.55708,-0.62146
13.177,-0.55542,-0.62146
13.179,-0.55351,-0.62146
13.181,-0.55351,-0.6213
13.183,-0.55542,-0.62154
13.185,-0.55756,-0.62201
13.188,-0.55827,-0.62241
13.19,-0.55756,-0.62313
13.192,-0.55542,-0.624
13.194,-0.55319,-0.624
13.196,-0.55256,-0.62424
13.198,-0.55708,-0.62439
13.2,-0.56319,-0.62432
13.202,-0.56946,-0.62455
13.204,-0.57478,-0.62511
13.206,-0.57446,-0.62471
13.208,-0.57097,-0.62424
13.21,-0.56819,-0.62368
13.213,-0.56502,-0.6232
13.215,-0.56502,-0.62297
13.217,-0.56819,-0.62313
13.219,-0.57097,-0.62313
13.221,-0.57415,-0.62313
13.223,-0.57415,-0.62313
13.225,-0.57097,-0.62313
13.227,-0.56819,-0.62313
13.229,-0.56502,-0.62313
13.231,-0.56502,-0.62313
13.233,-0.56819,-0.62313
13.235,-0.57097,-0.62313
13.237,-0.57478,-0.62313
13.24,-0.57383,-0.62313
13.242,-0.56875,-0.62313
13.244,-0.56375,-0.62281
13.246,-0.55804,-0.62328
13.248,-0.55804,-0.62408
13.25,-0.56375,-0.62559
13.252,-0.56875,-0.62678
13.254,-0.57446,-0.62717
13.256,-0.57446,-0.62701
13.258,-0.56875,-0.62741
13.26,-0.56375,-0.62717
13.262,-0.55851,-0.62757
13.265,-0.5578,-0.62773
13.267,-0.56208,-0.62765
13.269,-0.56542,-0.62789
13.271,-0.57034,-0.62828
13.273,-0.56867,-0.62813
13.275,-0.56153,-0.62813
13.277,-0.55431,-0.62813
13.279,-0.54605,-0.62813
13.281,-0.54605,-0.62813
13.283,-0.55431,-0.62844
13.285,-0.56153,-0.62797
13.287,-0.56994,-0.6267
13.29,-0.5697,-0.62606
13.292,-0.56097,-0.62606
13.294,-0.55319,-0.6267
13.296,-0.54621,-0.62797
13.298,-0.54335,-0.62844
13.3,-0.54653,-0.62813
13.302,-0.54764,-0.62813
13.304,-0.54859,-0.62813
13.306,-0.54907,-0.62813
13.308,-0.54875,-0.62813
13.31,-0.54875,-0.62813
13.312,-0.54875,-0.62781
13.315,-0.54827,-0.62828
13.317,-0.54899,-0.62955
13.319,-0.55042,-0.63019
13.321,-0.5524,-0.62987
13.323,-0.55335,-0.62971
13.325,-0.55312,-0.62939
13.327,-0.55121,-0.63003
13.329,-0.54978,-0.6313
13.331,-0.55169,-0.63178
13.333,-0.55597,-0.63146
13.335,-0.56026,-0.63146
13.338,-0.56454,-0.63146
13.34,-0.56423,-0.63146
13.342,-0.56042,-0.63146
13.344,-0.55708,-0.63146
13.346,-0.55327,-0.6313
13.348,-0.55327,-0.63154
13.35,-0.55708,-0.63201
13.352,-0.56042,-0.63257
13.354,-0.5647,-0.63305
13.356,-0.56399,-0.63328
13.358,-0.55875,-0.63313
13.36,-0.55375,-0.63313
13.362,-0.54708,-0.63313
13.365,-0.54851,-0.63313
13.367,-0.55708,-0.63313
13.369,-0.56542,-0.63313
13.371,-0.57383,-0.63313
13.373,-0.5755,-0.63313
13.375,-0.56931,-0.63313
13.377,-0.56486,-0.63313
13.379,-0.55978,-0.63297
13.381,-0.55978,-0.6332
13.383,-0.56486,-0.63384
13.385,-0.56931,-0.63416
13.387,-0.57438,-0.634
13.39,-0.57438,-0.63376
13.392,-0.56931,-0.634
13.394,-0.56486,-0.63439
13.396,-0.56105,-0.63535
13.398,-0.55915,-0.63598
13.4,-0.56042,-0.63614
13.402,-0.56153,-0.63622
13.404,-0.55986,-0.63678
13.406,-0.55653,-0.63638
13.408,-0.55264,-0.6359
13.41,-0.54931,-0.63535
13.412,-0.54637,-0.63471
13.415,-0.54938,-0.63471
13.417,-0.55319,-0.63551
13.419,-0.55764,-0.63582
13.421,-0.56272,-0.63582
13.423,-0.56272,-0.63503
13.425,-0.55764,-0.63559
13.427,-0.55192,-0.63559
13.429,-0.54843,-0.6367
13.431,-0.55272,-0.63789
13.433,-0.56319,-0.63884
13.435,-0.57256,-0.63908
13.438,-0.57923,-0.64043
13.44,-0.58034,-0.63987
13.442,-0.57875,-0.63932
13.444,-0.57875,-0.63805
13.446,-0.57875,-0.63654
13.448,-0.5778,-0.63527
13.45,-0.57875,-0.63487
13.452,-0.58042,-0.63455
13.454,-0.58232,-0.63471
13.456,-0.60113,-0.63344
13.458,-0.6278,-0.63154
13.46,-0.65327,-0.62963
13.463,-0.6728,-0.62836
13.465,-0.67946,-0.62765
13.467,-0.67375,-0.62813
13.469,-0.67375,-0.62813
13.471,-0.67438,-0.62813
13.473,-0.67343,-0.62813
13.475,-0.67153,-0.62813
13.477,-0.66931,-0.62813
13.479,-0.6674,-0.62813
13.481,-0.66645,-0.62813
13.483,-0.66708,-0.62844
13.485,-0.66708,-0.6286
13.487,-0.66169,-0.62693
13.49,-0.66214,-0.6238
13.492,-0.68979,-0.61955
13.494,-0.7316,-0.61586
13.496,-0.77452,-0.61356
13.498,-0.80554,-0.61205
13.5,-0.8116,-0.61063
13.502,-0.80396,-0.60904
13.504,-0.80396,-0.60721
13.506,-0.8041,-0.6059
13.508,-0.80389,-0.60491
13.51,-0.80347,-0.60404
13.512,-0.8034,-0.60392
13.515,-0.80278,-0.60396
13.517,-0.80101,-0.60416
13.519,-0.79955,-0.60356
13.521,-0.79494,-0.60257
13.523,-0.78505,-0.60158
13.525,-0.77405,-0.60078
13.527,-0.76423,-0.59987
13.529,-0.75645,-0.59928
13.531,-0.75804,-0.59943
13.533,-0.76375,-0.60035
13.535,-0.76875,-0.60178
13.537,-0.77446,-0.6036
13.54,-0.77446,-0.6032
13.542,-0.76875,-0.60146
13.544,-0.76375,-0.59979
13.546,-0.75946,-0.59789
13.548,-0.75732,-0.59789
13.55,-0.75875,-0.60027
13.552,-0.75875,-0.60122
13.554,-0.75938,-0.60074
13.556,-0.75843,-0.60051
13.558,-0.75653,-0.60051
13.56,-0.75431,-0.60074
13.562,-0.75177,-0.60122
13.565,-0.75177,-0.60027
13.567,-0.75431,-0.59836
13.569,-0.75653,-0.59813
13.571,-0.75907,-0.59789
13.573,-0.75907,-0.59646
13.575,-0.75653,-0.59479
13.577,-0.75431,-0.59336
13.579,-0.75081,-0.59233
13.581,-0.75224,-0.59328
13.583,-0.75764,-0.59455
13.585,-0.76319,-0.59519
13.588,-0.77002,-0.59487
13.59,-0.76931,-0.59471
13.592,-0.76153,-0.59471
13.594,-0.75431,-0.59455
13.596,-0.74605,-0.59535
13.598,-0.74605,-0.59566
13.6,-0.75431,-0.59551
13.602,-0.76153,-0.5963
13.604,-0.76946,-0.59662
13.606,-0.76994,-0.59535
13.608,-0.76264,-0.59424
13.61,-0.75653,-0.59328
13.612,-0.7505,-0.59265
13.615,-0.74907,-0.5932
13.617,-0.75319,-0.59384
13.619,-0.75597,-0.59416
13.621,-0.75915,-0.594
13.623,-0.75915,-0.59392
13.625,-0.75597,-0.59392
13.627,-0.75319,-0.59384
13.629,-0.75002,-0.59424
13.631,-0.75002,-0.59439
13.633,-0.75319,-0.59432
13.635,-0.75597,-0.59471
13.637,-0.75978,-0.59487
13.64,-0.75883,-0.59424
13.642,-0.75375,-0.59368
13.644,-0.74875,-0.5932
13.646,-0.74399,-0.59265
13.648,-0.74256,-0.59328
13.65,-0.74542,-0.59455
13.652,-0.74708,-0.59519
13.654,-0.74899,-0.59487
13.656,-0.74899,-0.59471
13.658,-0.74708,-0.59455
13.66,-0.74542,-0.59479
13.662,-0.74351,-0.59582
13.665,-0.74351,-0.59622
13.667,-0.74542,-0.59598
13.669,-0.74708,-0.59638
13.671,-0.74962,-0.59654
13.673,-0.74867,-0.5959
13.675,-0.74486,-0.59535
13.677,-0.74097,-0.59487
13.679,-0.73558,-0.59463
13.681,-0.737,-0.59479
13.683,-0.74431,-0.59479
13.685,-0.75153,-0.59479
13.688,-0.75915,-0.59479
13.69,-0.7601,-0.59479
13.692,-0.75375,-0.59527
13.694,-0.74875,-0.59408
13.696,-0.74304,-0.59336
13.698,-0.74304,-0.59313
13.7,-0.74875,-0.59336
13.702,-0.75375,-0.59424
13.704,-0.75946,-0.59519
13.706,-0.75946,-0.59424
13.708,-0.75375,-0.59368
13.71,-0.74875,-0.5932
13.713,-0.74256,-0.59265
13.715,-0.74327,-0.59328
13.717,-0.75042,-0.59455
13.719,-0.75708,-0.59519
13.721,-0.76518,-0.59487
13.723,-0.76446,-0.59471
13.725,-0.75542,-0.59471
13.727,-0.74708,-0.59455
13.729,-0.73804,-0.59535
13.731,-0.73732,-0.59566
13.733,-0.74542,-0.59551
13.735,-0.75208,-0.5963
13.737,-0.75938,-0.59709
13.74,-0.75986,-0.59511
13.742,-0.75319,-0.59257
13.744,-0.74764,-0.58995
13.746,-0.74129,-0.58805
13.748,-0.74129,-0.58765
13.75,-0.74764,-0.58813
13.752,-0.75319,-0.58813
13.754,-0.75923,-0.58813
13.756,-0.7597,-0.58813
13.758,-0.75431,-0.58813
13.76,-0.74986,-0.58813
13.762,-0.74383,-0.58813
13.765,-0.74526,-0.58813
13.767,-0.75319,-0.58813
13.769,-0.76097,-0.58813
13.771,-0.76812,-0.58828
13.773,-0.77073,-0.58805
13.775,-0.76708,-0.58757
13.777,-0.76542,-0.58701
13.779,-0.76351,-0.58638
13.781,-0.76351,-0.58638
13.783,-0.76542,-0.58717
13.785,-0.76708,-0.58749
13.787,-0.76899,-0.58749
13.79,-0.76899,-0.58717
13.792,-0.76708,-0.58686
13.794,-0.76542,-0.58582
13.796,-0.76399,-0.58551
13.798,-0.76375,-0.58535
13.8,-0.76351,-0.58551
13.802,-0.76208,-0.5863
13.804,-0.76042,-0.58662
13.806,-0.75899,-0.58535
13.808,-0.75827,-0.58424
13.81,-0.75875,-0.58328
13.812,-0.75875,-0.58281
13.815,-0.75875,-0.58313
13.817,-0.75875,-0.58313
13.819,-0.75875,-0.58313
13.821,-0.75875,-0.58313
13.823,-0.75875,-0.58297
13.825,-0.75875,-0.58336
13.827,-0.75875,-0.58344
13.829,-0.75875,-0.58376
13.831,-0.75875,-0.58416
13.833,-0.75875,-0.58447
13.835,-0.75875,-0.58455
13.838,-0.75875,-0.58479
13.84,-0.75875,-0.58487
13.842,-0.75875,-0.58535
13.844,-0.75875,-0.5859
13.846,-0.75875,-0.58638
13.848,-0.75875,-0.58662
13.85,-0.75875,-0.58646
13.852,-0.75875,-0.58646
13.854,-0.75875,-0.58646
13.856,-0.75875,-0.58646
13.858,-0.75875,-0.58662
13.86,-0.75875,-0.58622
13.862,-0.75637,-0.58598
13.865,-0.75994,-0.5859
13.867,-0.76708,-0.58598
13.869,-0.77542,-0.58638
13.871,-0.78446,-0.5867
13.873,-0.78518,-0.58582
13.875,-0.77708,-0.58479
13.877,-0.77042,-0.58376
13.879,-0.76185,-0.58305
13.881,-0.76327,-0.58297
13.883,-0.77375,-0.58313
13.885,-0.78375,-0.58313
13.887,-0.79518,-0.58313
13.89,-0.79518,-0.58313
13.892,-0.78375,-0.58313
13.894,-0.77375,-0.58313
13.896,-0.76423,-0.58313
13.898,-0.76137,-0.58313
13.9,-0.76708,-0.58313
13.902,-0.77042,-0.58313
13.904,-0.77375,-0.58297
13.906,-0.77446,-0.5832
13.908,-0.77208,-0.58368
13.91,-0.77042,-0.58424
13.912,-0.76851,-0.58455
13.915,-0.76851,-0.58503
13.917,-0.77042,-0.58551
13.919,-0.77208,-0.58582
13.921,-0.77399,-0.58566
13.923,-0.77399,-0.58559
13.925,-0.77208,-0.58574
13.927,-0.77042,-0.58527
13.929,-0.76661,-0.58543
13.931,-0.76946,-0.58551
13.933,-0.77708,-0.58551
13.935,-0.78542,-0.58662
13.938,-0.79431,-0.58646
13.94,-0.79526,-0.58424
13.942,-0.78764,-0.58201
13.944,-0.78153,-0.58011
13.946,-0.77407,-0.57884
13.948,-0.77478,-0.57995
13.95,-0.78319,-0.58122
13.952,-0.79097,-0.58186
13.954,-0.79986,-0.58154
13.956,-0.79986,-0.58138
13.958,-0.79097,-0.58154
13.96,-0.78319,-0.58098
13.963,-0.77573,-0.58154
13.965,-0.77359,-0.58178
13.967,-0.77819,-0.5817
13.969,-0.78097,-0.58289
13.971,-0.78335,-0.58336
13.973,-0.78454,-0.58146
13.975,-0.78375,-0.57979
13.977,-0.78375,-0.57836
13.979,-0.78375,-0.57765
13.981,-0.78375,-0.57813
13.983,-0.78375,-0.57813
13.985,-0.78375,-0.57813
13.987,-0.78375,-0.57813
13.99,-0.78375,-0.57813
13.992,-0.78375,-0.57813
13.994,-0.78375,-0.57813
13.996,-0.78073,-0.57813
13.998,-0.78526,-0.57813
14,-0.79431,-0.57813
14.002,-0.80486,-0.57813
14.004,-0.8174,-0.5786
14.006,-0.81669,-0.57789
14.008,-0.80319,-0.57646
14.01,-0.79097,-0.57479
14.012,-0.77764,-0.57289
14.015,-0.77669,-0.57289
14.017,-0.78875,-0.57527
14.019,-0.79875,-0.57622
14.021,-0.81018,-0.57622
14.023,-0.81018,-0.57527
14.025,-0.79875,-0.57336
14.027,-0.78875,-0.57265
14.029,-0.77827,-0.57265
14.031,-0.77685,-0.57336
14.033,-0.78542,-0.57479
14.035,-0.79208,-0.57646
14.037,-0.79986,-0.57836
14.04,-0.79962,-0.57836
14.042,-0.79153,-0.57646
14.044,-0.78431,-0.57479
14.046,-0.77605,-0.57336
14.048,-0.77605,-0.57265
14.05,-0.78431,-0.57313
14.052,-0.79153,-0.57313
14.054,-0.80058,-0.57313
14.056,-0.79938,-0.57313
14.058,-0.78875,-0.5736
14.06,-0.77875,-0.57289
14.062,-0.7678,-0.57146
14.065,-0.76708,-0.56979
14.067,-0.77708,-0.56836
14.069,-0.78542,-0.56765
14.071,-0.79431,-0.56813
14.073,-0.79526,-0.56813
14.075,-0.78764,-0.56813
14.077,-0.78153,-0.56813
14.079,-0.77454,-0.56813
14.081,-0.77454,-0.56813
14.083,-0.78153,-0.56813
14.085,-0.78764,-0.56813
14.088,-0.79462,-0.56813
14.09,-0.79462,-0.56813
14.092,-0.78764,-0.56844
14.094,-0.78153,-0.56797
14.096,-0.77407,-0.56701
14.098,-0.77478,-0.5659
14.1,-0.78319,-0.56495
14.102,-0.79097,-0.56447
14.104,-0.79907,-0.56495
14.106,-0.80026,-0.56471
14.108,-0.79375,-0.56424
14.11,-0.78875,-0.56368
14.112,-0.78304,-0.56305
14.115,-0.78304,-0.56305
14.117,-0.78875,-0.56384
14.119,-0.79375,-0.56416
14.121,-0.79946,-0.56416
14.123,-0.79946,-0.56384
14.125,-0.79375,-0.5632
14.127,-0.78875,-0.56297
14.129,-0.78304,-0.56313
14.131,-0.78304,-0.56313
14.133,-0.78875,-0.56313
14.135,-0.79375,-0.56313
14.137,-0.79994,-0.56328
14.14,-0.79923,-0.56305
14.142,-0.79208,-0.56257
14.144,-0.78542,-0.56201
14.146,-0.7778,-0.56154
14.148,-0.7778,-0.56098
14.15,-0.78542,-0.56193
14.152,-0.79208,-0.56241
14.154,-0.7997,-0.56209
14.156,-0.7997,-0.56265
14.158,-0.79208,-0.56376
14.16,-0.78542,-0.56424
14.162,-0.77669,-0.56574
14.165,-0.77835,-0.56638
14.167,-0.78931,-0.56598
14.169,-0.79986,-0.56622
14.171,-0.81113,-0.56678
14.173,-0.81232,-0.56638
14.175,-0.80264,-0.5659
14.177,-0.79486,-0.56535
14.179,-0.78597,-0.56487
14.181,-0.78597,-0.56432
14.183,-0.79486,-0.56527
14.185,-0.80264,-0.56574
14.188,-0.81058,-0.56559
14.19,-0.812,-0.5659
14.192,-0.80597,-0.56686
14.194,-0.80153,-0.56646
14.196,-0.79565,-0.5663
14.198,-0.79573,-0.56499
14.2,-0.80407,-0.56307
14.202,-0.81518,-0.56324
14.204,-0.82685,-0.56521
14.206,-0.84075,-0.56682
14.208,-0.84993,-0.56807
14.21,-0.85749,-0.56848
14.213,-0.86226,-0.56777
14.215,-0.86371,-0.5683
14.217,-0.8617,-0.56973
14.219,-0.86188,-0.57045
14.221,-0.86188,-0.57013
14.223,-0.86205,-0.56989
14.225,-0.86179,-0.56941
14.227,-0.86179,-0.56995
14.229,-0.86058,-0.57132
14.231,-0.85842,-0.57191
14.233,-0.85515,-0.57178
14.235,-0.85486,-0.57215
14.237,-0.84832,-0.57162
14.24,-0.83853,-0.57049
14.242,-0.82732,-0.56926
14.244,-0.81796,-0.56824
14.246,-0.8124,-0.56781
14.248,-0.81526,-0.56781
14.25,-0.81653,-0.5686
14.252,-0.81764,-0.56908
14.254,-0.81891,-0.56876
14.256,-0.81891,-0.56932
14.258,-0.81764,-0.57074
14.26,-0.81653,-0.57043
14.262,-0.81478,-0.57146
14.265,-0.8155,-0.57193
14.267,-0.81819,-0.5717
14.269,-0.82097,-0.57241
14.271,-0.82415,-0.57408
14.273,-0.82415,-0.57289
14.275,-0.82097,-0.57146
14.277,-0.81819,-0.56979
14.279,-0.81502,-0.56836
14.281,-0.81502,-0.56717
14.283,-0.81724,-0.56884
14.285,-0.82145,-0.56955
14.287,-0.82669,-0.56932
14.29,-0.83121,-0.56979
14.292,-0.83327,-0.57114
14.294,-0.83454,-0.57003
14.296,-0.83208,-0.57098
14.298,-0.83518,-0.57138
14.3,-0.84097,-0.57122
14.302,-0.84756,-0.57217
14.304,-0.85351,-0.57376
14.306,-0.85526,-0.57313
14.308,-0.85208,-0.57313
14.31,-0.85042,-0.57313
14.312,-0.84851,-0.57313
14.315,-0.84851,-0.57313
14.317,-0.85042,-0.5736
14.319,-0.85208,-0.57289
14.321,-0.85399,-0.57098
14.323,-0.85399,-0.57003
14.325,-0.85208,-0.57051
14.327,-0.85042,-0.57027
14.329,-0.84899,-0.57146
14.331,-0.84827,-0.57193
14.333,-0.84875,-0.5717
14.335,-0.84875,-0.57289
14.338,-0.84923,-0.57336
14.34,-0.84851,-0.57146
14.342,-0.84708,-0.56979
14.344,-0.84542,-0.56836
14.346,-0.84351,-0.56749
14.348,-0.84399,-0.56789
14.35,-0.84518,-0.56916
14.352,-0.84542,-0.57019
14.354,-0.84518,-0.57051
14.356,-0.84446,-0.57106
14.358,-0.84327,-0.5717
14.36,-0.84264,-0.57122
14.362,-0.84256,-0.57201
14.365,-0.84851,-0.57233
14.367,-0.85764,-0.57217
14.369,-0.86708,-0.57265
14.371,-0.87494,-0.57376
14.373,-0.87502,-0.57297
14.375,-0.87042,-0.57201
14.377,-0.86708,-0.5709
14.379,-0.86327,-0.56995
14.381,-0.86327,-0.56947
14.383,-0.86708,-0.56979
14.385,-0.87042,-0.56979
14.387,-0.87423,-0.56947
14.39,-0.87423,-0.56995
14.392,-0.87042,-0.57106
14.394,-0.86708,-0.57178
14.396,-0.862,-0.57249
14.398,-0.86391,-0.57289
14.4,-0.87153,-0.57265
14.402,-0.87931,-0.57289
14.404,-0.88867,-0.57344
14.406,-0.88796,-0.57305
14.408,-0.87764,-0.57257
14.41,-0.86819,-0.57201
14.412,-0.85867,-0.57138
14.415,-0.85677,-0.57154
14.417,-0.86375,-0.57209
14.419,-0.86875,-0.57193
14.421,-0.87446,-0.57138
14.423,-0.87446,-0.57043
14.425,-0.86875,-0.56995
14.427,-0.86375,-0.56995
14.429,-0.85804,-0.57043
14.431,-0.85804,-0.57082
14.433,-0.86375,-0.57114
14.435,-0.86875,-0.57122
14.438,-0.87446,-0.57178
14.44,-0.87446,-0.57138
14.442,-0.86875,-0.5709
14.444,-0.86375,-0.57035
14.446,-0.85756,-0.56971
14.448,-0.85827,-0.56955
14.45,-0.86542,-0.57059
14.452,-0.87208,-0.57138
14.454,-0.8797,-0.57178
14.456,-0.8797,-0.57217
14.458,-0.87208,-0.57241
14.46,-0.86542,-0.57217
14.463,-0.85812,-0.57257
14.465,-0.85764,-0.57273
14.467,-0.86431,-0.57265
14.469,-0.86986,-0.57289
14.471,-0.87621,-0.57328
14.473,-0.87621,-0.57313
14.475,-0.86986,-0.57313
14.477,-0.86431,-0.57313
14.479,-0.85796,-0.57297
14.481,-0.85796,-0.5732
14.483,-0.86431,-0.574
14.485,-0.86986,-0.57408
14.487,-0.87621,-0.57328
14.49,-0.87621,-0.57289
14.492,-0.86986,-0.5732
14.494,-0.86431,-0.57265
14.496,-0.85859,-0.5732
14.498,-0.85764,-0.57344
14.5,-0.86208,-0.57336
14.502,-0.86542,-0.57424
14.504,-0.8705,-0.57519
14.506,-0.86859,-0.57424
14.508,-0.86097,-0.57368
14.51,-0.85319,-0.5732
14.512,-0.84431,-0.57281
14.515,-0.84431,-0.5732
14.517,-0.85319,-0.57384
14.519,-0.86097,-0.57416
14.521,-0.87002,-0.574
14.523,-0.86978,-0.57392
14.525,-0.86042,-0.57392
14.527,-0.85208,-0.57384
14.529,-0.84399,-0.57424
14.531,-0.84185,-0.57439
14.533,-0.84708,-0.57432
14.535,-0.85042,-0.57471
14.537,-0.85518,-0.57487
14.54,-0.85375,-0.57424
14.542,-0.84708,-0.57368
14.544,-0.84042,-0.5732
14.546,-0.8328,-0.57297
14.548,-0.8328,-0.57313
14.55,-0.84042,-0.57313
14.552,-0.84708,-0.57313
14.554,-0.8547,-0.57313
14.556,-0.8547,-0.57313
14.558,-0.84708,-0.57313
14.56,-0.84042,-0.57313
14.562,-0.83216,-0.57313
14.565,-0.83312,-0.57313
14.567,-0.84264,-0.57313
14.569,-0.85153,-0.57313
14.571,-0.86169,-0.57313
14.573,-0.86169,-0.57313
14.575,-0.85153,-0.57313
14.577,-0.84264,-0.57313
14.579,-0.83216,-0.57297
14.581,-0.83264,-0.5732
14.583,-0.84375,-0.57384
14.585,-0.85375,-0.57416
14.588,-0.86518,-0.574
14.59,-0.86518,-0.57392
14.592,-0.85375,-0.57376
14.594,-0.84375,-0.57408
14.596,-0.83327,-0.57471
14.598,-0.83185,-0.57495
14.6,-0.84042,-0.57479
14.602,-0.84708,-0.57479
14.604,-0.85438,-0.57479
14.606,-0.85486,-0.57479
14.608,-0.84819,-0.57479
14.61,-0.84264,-0.57479
14.612,-0.83629,-0.57479
14.615,-0.83629,-0.57479
14.617,-0.84264,-0.57479
14.619,-0.84819,-0.57479
14.621,-0.85454,-0.57479
14.623,-0.85454,-0.57479
14.625,-0.84819,-0.57495
14.627,-0.84264,-0.57455
14.629,-0.83581,-0.57432
14.631,-0.83653,-0.57424
14.633,-0.84431,-0.57432
14.635,-0.85153,-0.57471
14.637,-0.85962,-0.57487
14.64,-0.85986,-0.57424
14.642,-0.85208,-0.57368
14.644,-0.84542,-0.5732
14.646,-0.83875,-0.57297
14.648,-0.83732,-0.57313
14.65,-0.84208,-0.57313
14.652,-0.84542,-0.57313
14.654,-0.84923,-0.57313
14.656,-0.84923,-0.57313
14.658,-0.84542,-0.57313
14.66,-0.84208,-0.57313
14.662,-0.83827,-0.57313
14.665,-0.83827,-0.57313
14.667,-0.84208,-0.57313
14.669,-0.84542,-0.57313
14.671,-0.85018,-0.57313
14.673,-0.84875,-0.57313
14.675,-0.84208,-0.57313
14.677,-0.83542,-0.57313
14.679,-0.82732,-0.57297
14.681,-0.82804,-0.5732
14.683,-0.83708,-0.57384
14.685,-0.84542,-0.57416
14.688,-0.85494,-0.57384
14.69,-0.85494,-0.574
14.692,-0.84542,-0.57463
14.694,-0.83708,-0.57471
14.696,-0.82931,-0.57535
14.698,-0.82669,-0.57566
14.7,-0.83097,-0.57551
14.702,-0.83319,-0.5763
14.704,-0.83621,-0.57662
14.706,-0.8355,-0.57535
14.708,-0.83153,-0.57424
14.71,-0.82764,-0.57328
14.713,-0.82319,-0.57249
14.715,-0.82319,-0.57328
14.717,-0.82764,-0.57424
14.719,-0.83153,-0.57535
14.721,-0.83597,-0.5763
14.723,-0.83597,-0.57678
14.725,-0.83153,-0.57646
14.727,-0.82764,-0.57646
14.729,-0.82256,-0.57646
14.731,-0.82351,-0.57646
14.733,-0.82986,-0.57646
14.735,-0.83597,-0.57646
14.737,-0.84312,-0.57678
14.74,-0.84288,-0.5763
14.742,-0.83542,-0.57535
14.744,-0.82875,-0.57424
14.746,-0.82113,-0.57328
14.748,-0.82113,-0.57281
14.75,-0.82875,-0.57313
14.752,-0.83542,-0.57313
14.754,-0.84304,-0.57313
14.756,-0.84304,-0.57313
14.758,-0.83542,-0.57313
14.76,-0.82875,-0.57313
14.762,-0.8205,-0.57313
14.765,-0.82145,-0.57313
14.767,-0.83097,-0.57313
14.769,-0.83986,-0.57313
14.771,-0.84938,-0.5736
14.773,-0.85034,-0.57289
14.775,-0.84208,-0.57146
14.777,-0.83542,-0.56979
14.779,-0.82827,-0.56836
14.781,-0.82756,-0.56765
14.783,-0.83375,-0.56828
14.785,-0.83875,-0.56805
14.787,-0.84446,-0.56741
14.79,-0.84446,-0.56709
14.792,-0.83875,-0.56725
14.794,-0.83375,-0.56717
14.796,-0.82804,-0.56757
14.798,-0.82804,-0.56773
14.8,-0.83375,-0.56765
14.802,-0.83875,-0.56805
14.804,-0.84589,-0.56852
14.806,-0.84375,-0.56741
14.808,-0.83375,-0.5659
14.81,-0.82375,-0.56432
14.812,-0.81185,-0.56281
14.815,-0.81256,-0.56297
14.817,-0.82542,-0.56455
14.819,-0.83708,-0.56519
14.821,-0.85042,-0.56519
14.823,-0.85042,-0.56439
14.825,-0.83708,-0.56352
14.827,-0.82542,-0.56313
14.829,-0.81446,-0.56376
14.831,-0.81089,-0.56416
14.833,-0.81708,-0.56447
14.835,-0.82042,-0.56455
14.837,-0.82375,-0.56495
14.84,-0.82446,-0.56479
14.842,-0.82208,-0.56479
14.844,-0.82042,-0.56479
14.846,-0.81851,-0.56479
14.848,-0.81851,-0.56479
14.85,-0.82042,-0.56479
14.852,-0.82208,-0.56479
14.854,-0.82399,-0.56479
14.856,-0.82399,-0.56479
14.858,-0.82208,-0.56495
14.86,-0.82042,-0.56455
14.862,-0.81804,-0.56432
14.865,-0.81875,-0.56424
14.867,-0.82208,-0.56432
14.869,-0.82542,-0.56471
14.871,-0.83018,-0.56487
14.873,-0.82875,-0.56424
14.875,-0.82208,-0.56368
14.877,-0.81542,-0.5632
14.879,-0.80637,-0.56281
14.881,-0.80851,-0.5632
14.883,-0.82042,-0.56384
14.885,-0.83208,-0.56416
14.887,-0.84383,-0.564
14.89,-0.84621,-0.56392
14.892,-0.83764,-0.56392
14.894,-0.83153,-0.56384
14.896,-0.82629,-0.56424
14.898,-0.82367,-0.56439
14.9,-0.82542,-0.56432
14.902,-0.82542,-0.56471
14.904,-0.82558,-0.56535
14.906,-0.82534,-0.564
14.908,-0.82486,-0.56201
14.91,-0.82431,-0.55987
14.912,-0.82367,-0.5582
14.915,-0.82367,-0.55686
14.917,-0.82431,-0.55932
14.919,-0.82502,-0.56051
14.921,-0.82526,-0.56011
14.923,-0.82502,-0.5609
14.925,-0.82431,-0.56289
14.927,-0.82367,-0.5617
14.929,-0.8224,-0.56368
14.931,-0.82494,-0.56447
14.933,-0.82931,-0.56408
14.935,-0.83423,-0.56527
14.937,-0.83923,-0.56805
14.94,-0.83954,-0.56606
14.942,-0.83542,-0.56368
14.944,-0.83208,-0.5609
14.946,-0.82732,-0.55852
14.948,-0.82875,-0.55686
14.95,-0.83542,-0.55884
14.952,-0.84208,-0.55955
14.954,-0.84954,-0.55932
14.956,-0.84978,-0.55979
14.958,-0.84264,-0.56098
14.96,-0.83653,-0.56027
14.962,-0.82907,-0.56146
14.965,-0.82978,-0.56193
14.967,-0.83819,-0.5617
14.969,-0.84597,-0.56241
14.971,-0.85486,-0.56408
14.973,-0.85486,-0.56289
14.975,-0.84597,-0.56146
14.977,-0.83819,-0.55979
14.979,-0.82931,-0.55836
14.981,-0.82931,-0.5567
14.983,-0.83819,-0.55955
14.985,-0.84597,-0.56098
14.987,-0.85486,-0.56066
14.99,-0.85486,-0.56138
14.992,-0.84597,-0.56297
14.994,-0.83819,-0.56178
14.996,-0.82931,-0.56416
14.998,-0.82931,-0.56503
15,-0.83819,-0.56455
15.002,-0.84597,-0.56551
15.004,-0.8555,-0.56773
15.006,-0.8547,-0.56614
15.008,-0.84367,-0.56424
15.01,-0.83383,-0.56201
15.012,-0.82375,-0.56011
15.015,-0.81708,-0.55884
15.017,-0.81748,-0.56027
15.019,-0.81653,-0.56074
15.021,-0.81518,-0.56059
15.023,-0.81224,-0.5609
15.025,-0.80708,-0.5617
15.027,-0.80192,-0.56122
15.029,-0.79835,-0.56201
15.031,-0.79716,-0.56233
15.033,-0.79915,-0.56217
15.035,-0.8047,-0.56265
15.037,-0.80319,-0.56344
15.04,-0.79581,-0.56313
15.042,-0.7847,-0.56313
15.044,-0.76986,-0.56313
15.046,-0.75915,-0.56297
15.048,-0.75685,-0.56257
15.05,-0.75375,-0.56432
15.052,-0.7528,-0.5663
15.054,-0.7547,-0.56709
15.056,-0.75423,-0.56892
15.058,-0.74994,-0.57273
15.06,-0.74375,-0.57646
15.062,-0.73756,-0.58162
15.065,-0.73327,-0.58487
15.067,-0.73407,-0.58495
15.069,-0.73327,-0.58455
15.071,-0.73224,-0.58495
15.073,-0.7228,-0.58479
15.075,-0.70938,-0.58479
15.077,-0.69645,-0.58479
15.079,-0.68637,-0.58479
15.081,-0.6851,-0.58479
15.083,-0.69431,-0.58479
15.085,-0.70153,-0.58495
15.087,-0.7101,-0.58471
15.09,-0.70962,-0.58424
15.092,-0.70042,-0.58368
15.094,-0.69208,-0.5832
15.096,-0.68304,-0.58297
15.098,-0.68232,-0.58313
15.1,-0.69042,-0.58313
15.102,-0.69708,-0.58313
15.104,-0.70645,-0.58313
15.106,-0.70383,-0.58313
15.108,-0.69097,-0.58313
15.11,-0.67819,-0.58313
15.112,-0.6655,-0.58313
15.115,-0.66264,-0.58313
15.117,-0.67153,-0.58313
15.119,-0.67764,-0.58313
15.121,-0.68478,-0.58313
15.123,-0.68454,-0.58313
15.125,-0.67708,-0.58313
15.127,-0.67042,-0.58313
15.129,-0.6628,-0.58313
15.131,-0.6628,-0.58313
15.133,-0.67042,-0.58313
15.135,-0.67708,-0.58313
15.137,-0.68454,-0.58313
15.14,-0.68478,-0.58313
15.142,-0.67764,-0.58313
15.144,-0.67153,-0.58313
15.146,-0.66407,-0.58313
15.148,-0.66478,-0.58313
15.15,-0.67319,-0.5836
15.152,-0.68097,-0.58289
15.154,-0.68986,-0.58146
15.156,-0.68986,-0.57932
15.158,-0.68097,-0.57908
15.16,-0.67319,-0.5786
15.162,-0.66605,-0.58003
15.165,-0.66343,-0.58122
15.167,-0.66708,-0.58217
15.169,-0.66875,-0.58241
15.171,-0.67288,-0.5836
15.173,-0.66954,-0.58313
15.175,-0.66097,-0.58313
15.177,-0.65153,-0.58313
15.179,-0.64089,-0.58297
15.181,-0.64065,-0.5832
15.183,-0.65097,-0.58384
15.185,-0.65986,-0.58416
15.187,-0.66986,-0.584
15.19,-0.6701,-0.58392
15.192,-0.66042,-0.58376
15.194,-0.65208,-0.58408
15.196,-0.64272,-0.58471
15.198,-0.64248,-0.58495
15.2,-0.65153,-0.58479
15.202,-0.65931,-0.58479
15.204,-0.66772,-0.58495
15.206,-0.66843,-0.58471
15.208,-0.66097,-0.58424
15.21,-0.65486,-0.58368
15.212,-0.64788,-0.58305
15.215,-0.64788,-0.58273
15.217,-0.65486,-0.58416
15.219,-0.66097,-0.58519
15.221,-0.66748,-0.58551
15.223,-0.66819,-0.58606
15.225,-0.66264,-0.58638
15.227,-0.65819,-0.5867
15.229,-0.65296,-0.58797
15.231,-0.65319,-0.58844
15.233,-0.65875,-0.58813
15.235,-0.66375,-0.58813
15.237,-0.66946,-0.58813
15.24,-0.66946,-0.58813
15.242,-0.66375,-0.58813
15.244,-0.65875,-0.58813
15.246,-0.65304,-0.58797
15.248,-0.65304,-0.5882
15.25,-0.65875,-0.58884
15.252,-0.66375,-0.58916
15.254,-0.66978,-0.589
15.256,-0.66931,-0.58876
15.258,-0.66264,-0.589
15.26,-0.65653,-0.58939
15.262,-0.64923,-0.59035
15.265,-0.6497,-0.59098
15.267,-0.65764,-0.59114
15.269,-0.66486,-0.59122
15.271,-0.67232,-0.59162
15.273,-0.67351,-0.59146
15.275,-0.66764,-0.59146
15.277,-0.66319,-0.59146
15.279,-0.65938,-0.5913
15.281,-0.65748,-0.59106
15.283,-0.65875,-0.59273
15.285,-0.65875,-0.594
15.287,-0.6597,-0.59424
15.29,-0.65827,-0.59495
15.292,-0.65542,-0.59598
15.294,-0.65208,-0.59527
15.296,-0.64827,-0.59646
15.298,-0.64923,-0.59693
15.3,-0.65161,-0.5967
15.302,-0.65208,-0.59741
15.304,-0.65192,-0.59908
15.306,-0.65002,-0.59789
15.308,-0.64669,-0.59646
15.31,-0.64653,-0.59479
15.312,-0.64304,-0.59336
15.315,-0.64637,-0.5917
15.317,-0.65431,-0.59455
15.319,-0.66319,-0.59598
15.321,-0.67319,-0.59551
15.323,-0.67343,-0.59646
15.325,-0.66375,-0.59868
15.327,-0.65542,-0.59765
15.329,-0.64589,-0.60027
15.331,-0.64589,-0.6013
15.333,-0.65542,-0.60074
15.335,-0.66375,-0.60193
15.337,-0.67296,-0.60471
15.34,-0.67343,-0.60273
15.342,-0.66486,-0.60035
15.344,-0.65764,-0.59757
15.346,-0.65145,-0.59519
15.348,-0.64835,-0.594
15.35,-0.65042,-0.59495
15.352,-0.65042,-0.59471
15.354,-0.65058,-0.59424
15.356,-0.65034,-0.59336
15.358,-0.64986,-0.59368
15.36,-0.64931,-0.5936
15.362,-0.64867,-0.59439
15.365,-0.64867,-0.59519
15.367,-0.64931,-0.59582
15.369,-0.65002,-0.59598
15.371,-0.65058,-0.59709
15.373,-0.64986,-0.5963
15.375,-0.64819,-0.59535
15.377,-0.64629,-0.59424
15.379,-0.64462,-0.59297
15.381,-0.64669,-0.59297
15.383,-0.65097,-0.59455
15.385,-0.65526,-0.59519
15.387,-0.65859,-0.59519
15.39,-0.6597,-0.59424
15.392,-0.65875,-0.59376
15.394,-0.65875,-0.59344
15.396,-0.65875,-0.59439
15.398,-0.65875,-0.59519
15.4,-0.65875,-0.59582
15.402,-0.65875,-0.59598
15.404,-0.65875,-0.59678
15.406,-0.65875,-0.59646
15.408,-0.65875,-0.59646
15.41,-0.65875,-0.59646
15.412,-0.65827,-0.59646
15.415,-0.65899,-0.59646
15.417,-0.66042,-0.59646
15.419,-0.66208,-0.59646
15.421,-0.66399,-0.59646
15.423,-0.66399,-0.59646
15.425,-0.66208,-0.59662
15.427,-0.66042,-0.59622
15.429,-0.65899,-0.59598
15.431,-0.65827,-0.5959
15.433,-0.65875,-0.59598
15.435,-0.65875,-0.59638
15.437,-0.65923,-0.59654
15.44,-0.65851,-0.5959
15.442,-0.65708,-0.59535
15.444,-0.65542,-0.59487
15.446,-0.65446,-0.59447
15.448,-0.65304,-0.59487
15.45,-0.65208,-0.59551
15.452,-0.65042,-0.59582
15.454,-0.64915,-0.59566
15.456,-0.64819,-0.59559
15.458,-0.64819,-0.59606
15.46,-0.64764,-0.59479
15.462,-0.647,-0.59447
15.465,-0.647,-0.59439
15.467,-0.64764,-0.59455
15.469,-0.64819,-0.59614
15.471,-0.64915,-0.59678
15.473,-0.64867,-0.59424
15.475,-0.64708,-0.59201
15.477,-0.64542,-0.59011
15.479,-0.64304,-0.58868
15.481,-0.64327,-0.59003
15.483,-0.64732,-0.59193
15.485,-0.65192,-0.59289
15.487,-0.65446,-0.59305
15.49,-0.66113,-0.59186
15.492,-0.66764,-0.58947
15.494,-0.67613,-0.5882
15.496,-0.68446,-0.5882
15.498,-0.68931,-0.58797
15.5,-0.68851,-0.58813
15.502,-0.68923,-0.5886
15.504,-0.6878,-0.58789
15.506,-0.68875,-0.58646
15.508,-0.69042,-0.58479
15.51,-0.69661,-0.58336
15.512,-0.70899,-0.58265
15.515,-0.7228,-0.58313
15.517,-0.73327,-0.58313
15.519,-0.73994,-0.58313
15.521,-0.7297,-0.58313
15.523,-0.74304,-0.58313
15.525,-0.77256,-0.58328
15.527,-0.8147,-0.58289
15.529,-0.86208,-0.58265
15.531,-0.90089,-0.58257
15.533,-0.91208,-0.58281
15.535,-0.92804,-0.58313
15.537,-0.93399,-0.58273
15.54,-0.93637,-0.58082
15.542,-0.93796,-0.57876
15.544,-0.93986,-0.57701
15.546,-0.93986,-0.57622
15.548,-0.94097,-0.5763
15.55,-0.94192,-0.57678
15.552,-0.94272,-0.5763
15.554,-0.94272,-0.57503
15.556,-0.94058,-0.57439
15.558,-0.93708,-0.57471
15.56,-0.93335,-0.57487
15.562,-0.9297,-0.57519
15.565,-0.93002,-0.57455
15.567,-0.93319,-0.57328
15.569,-0.93597,-0.57281
15.571,-0.93835,-0.57313
15.573,-0.94026,-0.57313
15.575,-0.93863,-0.57313
15.577,-0.93613,-0.57313
15.579,-0.93292,-0.57289
15.581,-0.92994,-0.57324
15.583,-0.92815,-0.5742
15.585,-0.92851,-0.57467
15.587,-0.92899,-0.57467
15.59,-0.92887,-0.5742
15.592,-0.9278,-0.57324
15.594,-0.92625,-0.57265
15.596,-0.9247,-0.57324
15.598,-0.92411,-0.57396
15.6,-0.92351,-0.57503
15.602,-0.92268,-0.57586
15.604,-0.9197,-0.57479
15.606,-0.91458,-0.57245
15.608,-0.90923,-0.56983
15.61,-0.90554,-0.56757
15.612,-0.90232,-0.56654
15.615,-0.90375,-0.56654
15.617,-0.90708,-0.56662
15.619,-0.91042,-0.5663
15.621,-0.91327,-0.56503
15.623,-0.9147,-0.56439
15.625,-0.91375,-0.56471
15.627,-0.91375,-0.56455
15.629,-0.91375,-0.56535
15.631,-0.91375,-0.56566
15.633,-0.91375,-0.56551
15.635,-0.91375,-0.56598
15.637,-0.91423,-0.56709
15.64,-0.91351,-0.5663
15.642,-0.91208,-0.56535
15.644,-0.91042,-0.56424
15.646,-0.90899,-0.56328
15.648,-0.90827,-0.56249
15.65,-0.90875,-0.56328
15.652,-0.90875,-0.56424
15.654,-0.90875,-0.56519
15.656,-0.90875,-0.56638
15.658,-0.90875,-0.56749
15.66,-0.90875,-0.56733
15.662,-0.90875,-0.56757
15.665,-0.90859,-0.56773
15.667,-0.90883,-0.56765
15.669,-0.90931,-0.56789
15.671,-0.91002,-0.56828
15.673,-0.91026,-0.56813
15.675,-0.91002,-0.56813
15.677,-0.90915,-0.56813
15.679,-0.90891,-0.56797
15.681,-0.90915,-0.56836
15.683,-0.90986,-0.5686
15.685,-0.9105,-0.56868
15.687,-0.91097,-0.5686
15.69,-0.90962,-0.56836
15.692,-0.90764,-0.56797
15.694,-0.9055,-0.56813
15.696,-0.90431,-0.56813
15.698,-0.90304,-0.56813
15.7,-0.90208,-0.56813
15.702,-0.90042,-0.56813
15.704,-0.89899,-0.56813
15.706,-0.89827,-0.56813
15.708,-0.89875,-0.56813
15.71,-0.89875,-0.56813
15.712,-0.89875,-0.56813
15.715,-0.89827,-0.56797
15.717,-0.89899,-0.56836
15.719,-0.90042,-0.5686
15.721,-0.90208,-0.56836
15.723,-0.90351,-0.56876
15.725,-0.90423,-0.56979
15.727,-0.90343,-0.56971
15.729,-0.90375,-0.57035
15.731,-0.90494,-0.57066
15.733,-0.90653,-0.57051
15.735,-0.90804,-0.57098
15.737,-0.90899,-0.57209
15.74,-0.90891,-0.5713
15.742,-0.90875,-0.57035
15.744,-0.90875,-0.56924
15.746,-0.90875,-0.56828
15.748,-0.90875,-0.56781
15.75,-0.90843,-0.56844
15.752,-0.90891,-0.56797
15.754,-0.90986,-0.5667
15.756,-0.91097,-0.56606
15.758,-0.91192,-0.56638
15.76,-0.91224,-0.56622
15.762,-0.91216,-0.56701
15.765,-0.91264,-0.56733
15.767,-0.91319,-0.56717
15.769,-0.91367,-0.56765
15.771,-0.91391,-0.56844
15.773,-0.91375,-0.56813
15.775,-0.91375,-0.56813
15.777,-0.91359,-0.56813
15.779,-0.91351,-0.56813
15.781,-0.91478,-0.56812
15.783,-0.9155,-0.56813
15.785,-0.91661,-0.56813
15.787,-0.91796,-0.56813
15.79,-0.91796,-0.56813
15.792,-0.91716,-0.56813
15.794,-0.91653,-0.56813
15.796,-0.91526,-0.56813
15.798,-0.91645,-0.56813
15.8,-0.91931,-0.56813
15.802,-0.92192,-0.56813
15.804,-0.92431,-0.56892
15.806,-0.92399,-0.56773
15.808,-0.92208,-0.56535
15.81,-0.91994,-0.56257
15.812,-0.91923,-0.56019
15.815,-0.92073,-0.55836
15.817,-0.92169,-0.56074
15.819,-0.92073,-0.5617
15.821,-0.91867,-0.56138
15.823,-0.91581,-0.56201
15.825,-0.91462,-0.5636
15.827,-0.91542,-0.56265
15.829,-0.91542,-0.56424
15.831,-0.9151,-0.56487
15.833,-0.91558,-0.56455
15.835,-0.91653,-0.56551
15.837,-0.91796,-0.56693
15.84,-0.91843,-0.56654
15.842,-0.91796,-0.56701
15.844,-0.91621,-0.56757
15.846,-0.91573,-0.56805
15.848,-0.91621,-0.56828
15.85,-0.91764,-0.56812
15.852,-0.91859,-0.56812
15.854,-0.91907,-0.56812
15.856,-0.91875,-0.56812
15.858,-0.91875,-0.56828
15.86,-0.91875,-0.56789
15.862,-0.91875,-0.56765
15.865,-0.91875,-0.56757
15.867,-0.91875,-0.56765
15.869,-0.91875,-0.56805
15.871,-0.91875,-0.56852
15.873,-0.91875,-0.56741
15.875,-0.91875,-0.5659
15.877,-0.91875,-0.56432
15.879,-0.91827,-0.56313
15.881,-0.91899,-0.56249
15.883,-0.92042,-0.5636
15.885,-0.92256,-0.56408
15.887,-0.92327,-0.56408
15.89,-0.92256,-0.56416
15.892,-0.92042,-0.56432
15.894,-0.91851,-0.56368
15.896,-0.91851,-0.56392
15.898,-0.92042,-0.56455
15.9,-0.92208,-0.56543
15.902,-0.92351,-0.56678
15.904,-0.9247,-0.56844
15.906,-0.92351,-0.56828
15.908,-0.92208,-0.56701
15.91,-0.92042,-0.5659
15.912,-0.91819,-0.56495
15.915,-0.91867,-0.56447
15.917,-0.92153,-0.56495
15.919,-0.92415,-0.56471
15.921,-0.92677,-0.56408
15.923,-0.92843,-0.56376
15.925,-0.92819,-0.56392
15.927,-0.92819,-0.564
15.929,-0.92915,-0.56416
15.931,-0.93042,-0.56384
15.933,-0.93208,-0.5632
15.935,-0.93351,-0.56344
15.937,-0.93423,-0.56352
15.94,-0.93375,-0.56114
15.942,-0.93375,-0.55757
15.944,-0.93327,-0.55392
15.946,-0.93399,-0.5513
15.948,-0.93542,-0.55003
15.95,-0.93661,-0.55265
15.952,-0.93923,-0.55384
15.954,-0.94065,-0.55344
15.956,-0.94042,-0.55424
15.958,-0.94018,-0.55622
15.96,-0.93899,-0.55503
15.962,-0.93819,-0.55701
15.965,-0.94058,-0.55781
15.967,-0.94319,-0.55741
15.969,-0.94573,-0.5586
15.971,-0.9474,-0.5617
15.973,-0.9474,-0.55924
15.975,-0.94708,-0.5559
15.977,-0.94645,-0.55201
15.979,-0.94692,-0.54868
15.981,-0.94954,-0.5467
15.983,-0.95319,-0.5486
15.985,-0.95677,-0.54908
15.987,-0.95915,-0.54892
15.99,-0.95923,-0.54924
15.992,-0.95875,-0.55003
15.994,-0.95875,-0.54955
15.996,-0.95827,-0.55035
15.998,-0.95899,-0.55066
16,-0.96042,-0.55051
16.002,-0.96208,-0.55098
16.004,-0.96399,-0.55209
16.006,-0.96399,-0.5513
16.008,-0.96208,-0.55035
16.01,-0.95994,-0.54924
16.012,-0.96018,-0.54828
16.015,-0.95946,-0.54749
16.017,-0.95875,-0.5486
16.019,-0.95685,-0.54908
16.021,-0.9547,-0.54892
16.023,-0.9528,-0.54924
16.025,-0.95375,-0.55003
16.027,-0.95375,-0.54955
16.029,-0.95343,-0.55035
16.031,-0.95391,-0.55066
16.033,-0.95486,-0.55051
16.035,-0.95597,-0.55098
16.038,-0.95692,-0.55225
16.04,-0.9574,-0.55122
16.042,-0.95708,-0.54979
16.044,-0.95692,-0.54813
16.046,-0.95716,-0.5467
16.048,-0.95764,-0.54598
16.05,-0.95819,-0.54646
16.052,-0.95867,-0.54646
16.054,-0.95891,-0.54646
16.056,-0.95875,-0.54646
16.058,-0.95875,-0.54662
16.06,-0.95859,-0.54622
16.062,-0.95851,-0.54582
16.065,-0.95946,-0.54598
16.067,-0.96097,-0.54654
16.069,-0.96256,-0.54733
16.071,-0.96375,-0.54852
16.073,-0.96407,-0.54812
16.075,-0.96375,-0.54701
16.077,-0.96343,-0.5459
16.079,-0.96423,-0.54463
16.081,-0.9647,-0.54432
16.083,-0.96486,-0.54638
16.085,-0.9647,-0.54797
16.087,-0.96438,-0.54876
16.09,-0.96335,-0.54955
16.092,-0.96319,-0.55003
16.094,-0.96264,-0.54955
16.096,-0.96169,-0.55035
16.098,-0.962,-0.55066
16.1,-0.96383,-0.55051
16.102,-0.96597,-0.55098
16.104,-0.96843,-0.55225
16.106,-0.96891,-0.55122
16.108,-0.96724,-0.54979
16.11,-0.96494,-0.54813
16.112,-0.96423,-0.5467
16.115,-0.96494,-0.54519
16.117,-0.96708,-0.54765
16.119,-0.96851,-0.54884
16.121,-0.9697,-0.54844
16.123,-0.96851,-0.54924
16.125,-0.96708,-0.55122
16.127,-0.96542,-0.55003
16.129,-0.96399,-0.55201
16.131,-0.96327,-0.55281
16.133,-0.96375,-0.55241
16.135,-0.96391,-0.5536
16.137,-0.96367,-0.55622
16.14,-0.96319,-0.55447
16.142,-0.96264,-0.55257
16.144,-0.96169,-0.55035
16.146,-0.962,-0.54844
16.148,-0.96383,-0.54654
16.15,-0.9655,-0.54955
16.152,-0.96819,-0.55098
16.154,-0.97129,-0.55051
16.156,-0.972,-0.55146
16.158,-0.97185,-0.55384
16.16,-0.97089,-0.55241
16.163,-0.96899,-0.55463
16.165,-0.96827,-0.55582
16.167,-0.96875,-0.55582
16.169,-0.96875,-0.55781
16.171,-0.96923,-0.56066
16.173,-0.96851,-0.55995
16.175,-0.96708,-0.55979
16.177,-0.96542,-0.55979
16.179,-0.96399,-0.55979
16.181,-0.96359,-0.55979
16.183,-0.96359,-0.55979
16.185,-0.96264,-0.55947
16.188,-0.96153,-0.55995
16.19,-0.96058,-0.5609
16.192,-0.9601,-0.56201
16.194,-0.9601,-0.56297
16.196,-0.96089,-0.56344
16.198,-0.96105,-0.56312
16.2,-0.96169,-0.56312
16.202,-0.96248,-0.56312
16.204,-0.96359,-0.56312
16.206,-0.96304,-0.56313
16.208,-0.9624,-0.56312
16.21,-0.95994,-0.56312
16.212,-0.95923,-0.56312
16.215,-0.95994,-0.56312
16.217,-0.96208,-0.56312
16.219,-0.96399,-0.56312
16.221,-0.96399,-0.56312
16.223,-0.96208,-0.56312
16.225,-0.96042,-0.56312
16.227,-0.95851,-0.56312
16.229,-0.95851,-0.56312
16.231,-0.96042,-0.56312
16.233,-0.96208,-0.56312
16.235,-0.96351,-0.56312
16.237,-0.96423,-0.56312
16.24,-0.96375,-0.56328
16.242,-0.96375,-0.56305
16.244,-0.96375,-0.56257
16.246,-0.96375,-0.56201
16.248,-0.96375,-0.56154
16.25,-0.96375,-0.5613
16.252,-0.96375,-0.56146
16.254,-0.96375,-0.5613
16.256,-0.96375,-0.56154
16.258,-0.96375,-0.56217
16.26,-0.96375,-0.56233
16.262,-0.96375,-0.56257
16.265,-0.96296,-0.56273
16.267,-0.96415,-0.56265
16.269,-0.96653,-0.56289
16.271,-0.9701,-0.56328
16.273,-0.97129,-0.56344
16.275,-0.9701,-0.56297
16.277,-0.96637,-0.56201
16.279,-0.96423,-0.5609
16.281,-0.96351,-0.55995
16.283,-0.96486,-0.55947
16.285,-0.96534,-0.55979
16.288,-0.96621,-0.55947
16.29,-0.9651,-0.55995
16.292,-0.96319,-0.56122
16.294,-0.96097,-0.56154
16.296,-0.95907,-0.56201
16.298,-0.95812,-0.56233
16.3,-0.95875,-0.56217
16.302,-0.95875,-0.56265
16.304,-0.95875,-0.56344
16.306,-0.95875,-0.56344
16.308,-0.95875,-0.56297
16.31,-0.95843,-0.56201
16.312,-0.95891,-0.5609
16.315,-0.95986,-0.55995
16.317,-0.96097,-0.56027
16.319,-0.96192,-0.55939
16.321,-0.9624,-0.55622
16.323,-0.96208,-0.55463
16.325,-0.96208,-0.55543
16.327,-0.96208,-0.55503
16.329,-0.96208,-0.55701
16.331,-0.96192,-0.55781
16.333,-0.96216,-0.55741
16.335,-0.96264,-0.5586
16.337,-0.96367,-0.56074
16.34,-0.96343,-0.55971
16.342,-0.96224,-0.55924
16.344,-0.95994,-0.55868
16.346,-0.95907,-0.5582
16.348,-0.96002,-0.55797
16.35,-0.96264,-0.55813
16.352,-0.96478,-0.55813
16.354,-0.96573,-0.55813
16.356,-0.96502,-0.55813
16.358,-0.96431,-0.55813
16.36,-0.96383,-0.55813
16.362,-0.96343,-0.55813
16.365,-0.96383,-0.55813
16.367,-0.96431,-0.55813
16.369,-0.96486,-0.55813
16.371,-0.9655,-0.55908
16.373,-0.9655,-0.55765
16.375,-0.96486,-0.55479
16.377,-0.96431,-0.55146
16.379,-0.96383,-0.5486
16.381,-0.96375,-0.5467
16.383,-0.96367,-0.54884
16.385,-0.96319,-0.54955
16.387,-0.96343,-0.54932
16.39,-0.96177,-0.54979
16.392,-0.95915,-0.55098
16.394,-0.95653,-0.55027
16.396,-0.95415,-0.55098
16.398,-0.95296,-0.55217
16.4,-0.95375,-0.55336
16.402,-0.95375,-0.55574
16.404,-0.95375,-0.55836
16.406,-0.95375,-0.55908
16.408,-0.95375,-0.55789
16.41,-0.95375,-0.55646
16.413,-0.95375,-0.55479
16.415,-0.95375,-0.55289
16.417,-0.95375,-0.55336
16.419,-0.95375,-0.55455
16.421,-0.95375,-0.55432
16.423,-0.95375,-0.55479
16.425,-0.95375,-0.55598
16.427,-0.95375,-0.55574
16.429,-0.95375,-0.55622
16.431,-0.95375,-0.55527
16.433,-0.95375,-0.55336
16.435,-0.95375,-0.55265
16.438,-0.95375,-0.55344
16.44,-0.95375,-0.55297
16.442,-0.95375,-0.55201
16.444,-0.95375,-0.5509
16.446,-0.95375,-0.54995
16.448,-0.95391,-0.54884
16.45,-0.95367,-0.55074
16.452,-0.95335,-0.5517
16.454,-0.95319,-0.55138
16.456,-0.95129,-0.55201
16.458,-0.94859,-0.5536
16.46,-0.94605,-0.55265
16.462,-0.94327,-0.55424
16.465,-0.94343,-0.55487
16.467,-0.94597,-0.55455
16.469,-0.94883,-0.55551
16.471,-0.94978,-0.55773
16.473,-0.94883,-0.55614
16.475,-0.94597,-0.55424
16.477,-0.94391,-0.55201
16.479,-0.94319,-0.55011
16.481,-0.94431,-0.549
16.483,-0.94486,-0.55003
16.485,-0.94534,-0.55027
16.487,-0.94621,-0.55019
16.49,-0.9451,-0.55035
16.492,-0.94319,-0.55074
16.494,-0.94097,-0.55051
16.496,-0.93843,-0.55074
16.498,-0.93843,-0.55114
16.5,-0.94097,-0.55154
16.502,-0.94383,-0.55233
16.504,-0.94478,-0.5532
16.506,-0.94383,-0.5536
16.508,-0.94097,-0.55297
16.51,-0.93812,-0.55201
16.512,-0.93859,-0.5509
16.515,-0.94208,-0.54995
16.517,-0.94542,-0.54963
16.519,-0.94827,-0.54971
16.521,-0.9497,-0.54908
16.523,-0.94875,-0.54876
16.525,-0.94875,-0.54892
16.527,-0.94875,-0.549
16.529,-0.94875,-0.54916
16.531,-0.94875,-0.54884
16.533,-0.94875,-0.5482
16.535,-0.94875,-0.54797
16.538,-0.94907,-0.54813
16.54,-0.94859,-0.54876
16.542,-0.94764,-0.54781
16.544,-0.94653,-0.5459
16.546,-0.94573,-0.54368
16.548,-0.94502,-0.54162
16.55,-0.94486,-0.54106
16.552,-0.94431,-0.54193
16.554,-0.94383,-0.54186
16.556,-0.94359,-0.54201
16.558,-0.94375,-0.54241
16.56,-0.94375,-0.54233
16.562,-0.94359,-0.54249
16.565,-0.94351,-0.54217
16.567,-0.94446,-0.54154
16.569,-0.94597,-0.5413
16.571,-0.94788,-0.54178
16.573,-0.94859,-0.5413
16.575,-0.94796,-0.54035
16.577,-0.94621,-0.53924
16.579,-0.94573,-0.53828
16.581,-0.94621,-0.53781
16.583,-0.94764,-0.53813
16.585,-0.94859,-0.53813
16.587,-0.94938,-0.53813
16.59,-0.94859,-0.53813
16.592,-0.94764,-0.53813
16.594,-0.94653,-0.53813
16.596,-0.94558,-0.53813
16.598,-0.9451,-0.53813
16.6,-0.94542,-0.53813
16.602,-0.94653,-0.53813
16.604,-0.94486,-0.53813
16.606,-0.94153,-0.53797
16.608,-0.93764,-0.5382
16.61,-0.93351,-0.53868
16.612,-0.93288,-0.53908
16.615,-0.93661,-0.53979
16.617,-0.93986,-0.54066
16.619,-0.9428,-0.54082
16.621,-0.94462,-0.54066
16.623,-0.94383,-0.54059
16.625,-0.94319,-0.54059
16.627,-0.94264,-0.54066
16.629,-0.94216,-0.54082
16.631,-0.94192,-0.54051
16.633,-0.94208,-0.53987
16.635,-0.9424,-0.53979
16.637,-0.94192,-0.53971
16.64,-0.94097,-0.53939
16.642,-0.93986,-0.5386
16.644,-0.93891,-0.53765
16.646,-0.93891,-0.53686
16.648,-0.93804,-0.53654
16.65,-0.93732,-0.5363
16.652,-0.93708,-0.53646
16.654,-0.9378,-0.53646
16.656,-0.9378,-0.53646
16.658,-0.93756,-0.53662
16.66,-0.93542,-0.53622
16.663,-0.93351,-0.53598
16.665,-0.93351,-0.5359
16.667,-0.93542,-0.53598
16.669,-0.93708,-0.53622
16.671,-0.93851,-0.53693
16.673,-0.93923,-0.5363
16.675,-0.93875,-0.53535
16.677,-0.93875,-0.53424
16.679,-0.93875,-0.53328
16.681,-0.93875,-0.53265
16.683,-0.93875,-0.53336
16.685,-0.93875,-0.5336
16.688,-0.93954,-0.53352
16.69,-0.93835,-0.53368
16.692,-0.93597,-0.53424
16.694,-0.93319,-0.5336
16.696,-0.93081,-0.53376
16.698,-0.92962,-0.53384
16.7,-0.93042,-0.53384
16.702,-0.93058,-0.53432
16.704,-0.93034,-0.53527
16.706,-0.92986,-0.53471
16.708,-0.92931,-0.53424
16.71,-0.92867,-0.53368
16.712,-0.92867,-0.5332
16.715,-0.92931,-0.53297
16.717,-0.92986,-0.53313
16.719,-0.9305,-0.53313
16.721,-0.9305,-0.53313
16.723,-0.92986,-0.53313
16.725,-0.92931,-0.53313
16.727,-0.92883,-0.53313
16.729,-0.92859,-0.53313
16.731,-0.92875,-0.53313
16.733,-0.92827,-0.53313
16.735,-0.92946,-0.53313
16.737,-0.93018,-0.53313
16.74,-0.93042,-0.53328
16.742,-0.93018,-0.53305
16.744,-0.92946,-0.53257
16.746,-0.92827,-0.53201
16.748,-0.92875,-0.53154
16.75,-0.92875,-0.53146
16.752,-0.92891,-0.53138
16.754,-0.92899,-0.53074
16.756,-0.92804,-0.53043
16.758,-0.92653,-0.53043
16.76,-0.92462,-0.53074
16.762,-0.92375,-0.53138
16.765,-0.92478,-0.53162
16.767,-0.92629,-0.53146
16.769,-0.92756,-0.53146
16.771,-0.92843,-0.53162
16.773,-0.92843,-0.53138
16.775,-0.92851,-0.5309
16.777,-0.92843,-0.53035
16.779,-0.92899,-0.52971
16.781,-0.93042,-0.52971
16.783,-0.93208,-0.53051
16.785,-0.93351,-0.53082
16.788,-0.9347,-0.53082
16.79,-0.93351,-0.53051
16.792,-0.93208,-0.53003
16.794,-0.92994,-0.52939
16.796,-0.92923,-0.52932
16.798,-0.92994,-0.52924
16.8,-0.93208,-0.52932
16.802,-0.93351,-0.52971
16.804,-0.93423,-0.52987
16.806,-0.93375,-0.52924
16.808,-0.93375,-0.52868
16.81,-0.93375,-0.5282
16.812,-0.93375,-0.52781
16.815,-0.93375,-0.5282
16.817,-0.93375,-0.52884
16.819,-0.93375,-0.52916
16.821,-0.93375,-0.529
16.823,-0.93375,-0.52892
16.825,-0.93375,-0.52876
16.827,-0.93375,-0.52908
16.829,-0.93327,-0.52971
16.831,-0.93399,-0.52995
16.833,-0.93526,-0.52979
16.835,-0.93732,-0.52979
16.837,-0.93899,-0.52995
16.84,-0.93978,-0.52971
16.842,-0.93923,-0.52924
16.844,-0.93804,-0.52868
16.846,-0.93907,-0.5282
16.848,-0.94208,-0.52797
16.85,-0.94542,-0.52813
16.852,-0.94827,-0.52813
16.854,-0.9497,-0.52813
16.856,-0.94875,-0.52813
16.858,-0.94875,-0.52813
16.86,-0.94875,-0.52813
16.862,-0.94875,-0.52813
16.865,-0.94875,-0.52813
16.867,-0.94875,-0.52813
16.869,-0.9497,-0.52813
16.871,-0.94827,-0.52844
16.873,-0.94542,-0.52797
16.875,-0.94208,-0.52701
16.877,-0.93923,-0.5259
16.879,-0.9378,-0.52495
16.881,-0.93875,-0.52432
16.883,-0.93875,-0.52487
16.885,-0.93875,-0.52535
16.887,-0.93875,-0.52574
16.89,-0.93875,-0.52646
16.892,-0.93875,-0.52733
16.894,-0.93875,-0.52733
16.896,-0.93875,-0.52757
16.898,-0.93875,-0.52773
16.9,-0.93875,-0.52765
16.902,-0.93875,-0.52789
16.904,-0.93875,-0.52828
16.906,-0.93875,-0.52813
16.908,-0.93875,-0.52813
16.91,-0.93875,-0.52813
16.913,-0.93875,-0.52813
16.915,-0.93875,-0.52813
16.917,-0.93875,-0.52813
16.919,-0.93875,-0.52813
16.921,-0.93875,-0.52813
16.923,-0.93875,-0.52813
16.925,-0.93875,-0.52813
16.927,-0.93796,-0.52813
16.929,-0.93915,-0.52813
16.931,-0.94153,-0.52813
16.933,-0.94431,-0.52813
16.935,-0.94669,-0.52813
16.938,-0.94867,-0.52813
16.94,-0.94669,-0.52813
16.942,-0.94431,-0.52813
16.944,-0.94153,-0.52813
16.946,-0.93915,-0.52813
16.948,-0.93796,-0.52813
16.95,-0.93875,-0.52813
16.952,-0.93875,-0.52813
16.954,-0.93875,-0.52813
16.956,-0.93875,-0.52813
16.958,-0.93875,-0.52813
16.96,-0.93875,-0.52813
16.962,-0.93827,-0.52813
16.965,-0.93899,-0.52813
16.967,-0.94042,-0.52813
16.969,-0.94208,-0.52813
16.971,-0.94351,-0.52813
16.973,-0.94423,-0.5286
16.975,-0.94375,-0.52789
16.977,-0.94375,-0.52646
16.979,-0.94375,-0.52479
16.981,-0.94375,-0.52336
16.983,-0.94375,-0.52265
16.985,-0.94375,-0.52313
16.987,-0.94375,-0.52313
16.99,-0.94375,-0.52313
16.992,-0.94375,-0.52313
16.994,-0.94375,-0.52313
16.996,-0.94343,-0.52313
16.998,-0.94391,-0.52313
17,-0.94486,-0.52313
17.002,-0.94597,-0.52265
17.004,-0.94724,-0.52336
17.006,-0.94724,-0.52479
17.008,-0.94597,-0.52662
17.01,-0.94454,-0.52781
17.012,-0.94407,-0.52789
17.015,-0.94454,-0.52709
17.017,-0.94597,-0.52725
17.019,-0.94724,-0.52733
17.021,-0.94724,-0.52749
17.023,-0.94597,-0.52717
17.025,-0.94486,-0.52654
17.027,-0.94391,-0.5263
17.029,-0.94312,-0.52646
17.031,-0.94391,-0.52646
17.033,-0.94486,-0.52662
17.035,-0.94597,-0.52638
17.038,-0.94724,-0.52574
17.04,-0.94724,-0.52543
17.042,-0.94597,-0.52559
17.044,-0.94454,-0.52566
17.046,-0.94296,-0.52582
17.048,-0.9451,-0.52535
17.05,-0.94986,-0.52511
17.052,-0.9547,-0.52511
17.054,-0.95946,-0.52519
17.056,-0.95938,-0.52535
17.058,-0.95542,-0.52574
17.06,-0.95208,-0.52551
17.062,-0.94923,-0.5259
17.065,-0.9478,-0.52606
17.067,-0.94875,-0.52614
17.069,-0.94875,-0.52614
17.071,-0.94891,-0.52574
17.073,-0.94867,-0.52551
17.075,-0.94819,-0.52598
17.077,-0.94764,-0.52686
17.079,-0.94716,-0.52797
17.081,-0.94692,-0.52844
17.083,-0.94708,-0.52813
17.085,-0.94772,-0.52813
17.087,-0.94677,-0.52813
17.09,-0.94486,-0.52813
17.092,-0.94264,-0.52813
17.094,-0.94042,-0.52813
17.096,-0.93994,-0.52813
17.098,-0.94153,-0.52813
17.1,-0.94216,-0.52813
17.102,-0.94383,-0.52813
17.104,-0.94573,-0.52813
17.106,-0.94708,-0.52813
17.108,-0.94851,-0.52813
17.11,-0.94923,-0.52813
17.112,-0.94875,-0.52813
17.115,-0.94875,-0.52813
17.117,-0.94875,-0.52813
17.119,-0.94875,-0.52813
17.121,-0.94875,-0.52813
17.123,-0.94875,-0.52813
17.125,-0.94875,-0.52813
17.127,-0.94843,-0.52813
17.129,-0.94875,-0.52813
17.131,-0.94994,-0.52813
17.133,-0.95153,-0.52813
17.135,-0.95304,-0.52813
17.137,-0.95415,-0.52797
17.14,-0.95383,-0.52805
17.142,-0.95319,-0.52876
17.144,-0.95264,-0.52979
17.146,-0.95216,-0.53082
17.148,-0.95192,-0.5317
17.15,-0.95208,-0.5317
17.152,-0.95288,-0.53082
17.154,-0.95169,-0.52963
17.156,-0.94931,-0.52884
17.158,-0.94653,-0.52876
17.16,-0.94415,-0.52884
17.163,-0.9428,-0.52924
17.165,-0.94383,-0.52939
17.167,-0.94399,-0.52932
17.169,-0.94502,-0.52971
17.171,-0.94645,-0.52987
17.173,-0.9478,-0.52924
17.175,-0.94859,-0.52868
17.177,-0.94907,-0.5282
17.179,-0.94827,-0.52781
17.181,-0.94899,-0.52805
17.183,-0.95042,-0.52892
17.185,-0.95208,-0.52971
17.188,-0.95351,-0.53011
17.19,-0.95423,-0.53051
17.192,-0.95375,-0.53074
17.194,-0.95375,-0.53051
17.196,-0.95359,-0.5309
17.198,-0.95383,-0.53106
17.2,-0.95399,-0.53098
17.202,-0.95502,-0.53122
17.204,-0.95677,-0.53178
17.206,-0.95764,-0.53138
17.208,-0.95748,-0.5309
17.21,-0.95685,-0.53035
17.212,-0.95526,-0.52987
17.215,-0.95526,-0.52947
17.217,-0.95653,-0.53003
17.219,-0.95764,-0.53027
17.221,-0.95859,-0.53019
17.223,-0.9597,-0.53035
17.225,-0.95843,-0.53074
17.227,-0.95653,-0.53051
17.229,-0.95431,-0.5309
17.231,-0.95272,-0.53106
17.233,-0.95129,-0.53098
17.235,-0.95097,-0.53106
17.237,-0.94986,-0.5317
17.24,-0.94891,-0.53201
17.242,-0.94843,-0.53257
17.244,-0.94875,-0.53305
17.246,-0.94875,-0.53328
17.248,-0.94843,-0.53313
17.25,-0.94891,-0.53313
17.252,-0.94986,-0.53313
17.254,-0.95129,-0.53313
17.256,-0.95177,-0.53313
17.258,-0.95129,-0.53313
17.26,-0.9497,-0.53313
17.262,-0.94899,-0.53313
17.265,-0.94899,-0.53313
17.267,-0.94986,-0.53313
17.269,-0.95034,-0.53313
17.271,-0.95153,-0.53344
17.273,-0.94994,-0.53297
17.275,-0.94708,-0.53201
17.277,-0.94375,-0.5309
17.279,-0.94089,-0.52995
17.281,-0.93867,-0.52932
17.283,-0.94081,-0.53003
17.285,-0.94319,-0.53027
17.288,-0.94677,-0.53019
17.29,-0.94796,-0.53035
17.292,-0.94677,-0.53074
17.294,-0.9424,-0.53051
17.296,-0.94121,-0.5309
17.298,-0.9424,-0.53106
17.3,-0.94597,-0.53098
17.302,-0.94835,-0.53106
17.304,-0.94954,-0.5317
17.306,-0.94875,-0.53201
17.308,-0.94875,-0.53257
17.31,-0.94875,-0.53305
17.312,-0.94923,-0.53328
17.315,-0.94804,-0.53313
17.317,-0.94732,-0.53313
17.319,-0.94708,-0.53313
17.321,-0.9478,-0.53313
17.323,-0.9478,-0.53313
17.325,-0.94756,-0.53313
17.327,-0.94494,-0.53313
17.329,-0.94423,-0.53313
17.331,-0.94494,-0.53313
17.333,-0.94708,-0.53313
17.335,-0.94899,-0.53313
17.337,-0.94899,-0.53281
17.34,-0.94708,-0.53328
17.342,-0.94542,-0.53439
17.344,-0.94399,-0.53527
17.346,-0.94327,-0.53574
17.348,-0.94375,-0.53551
17.35,-0.94375,-0.53495
17.352,-0.94375,-0.53519
17.354,-0.94375,-0.53574
17.356,-0.94375,-0.53646
17.358,-0.94375,-0.53733
17.36,-0.94375,-0.53733
17.362,-0.94375,-0.53757
17.365,-0.94375,-0.53773
17.367,-0.94375,-0.53781
17.369,-0.94375,-0.53797
17.371,-0.94391,-0.53765
17.373,-0.94367,-0.53646
17.375,-0.94319,-0.53559
17.377,-0.94264,-0.53463
17.379,-0.94216,-0.53408
17.381,-0.94177,-0.53368
17.383,-0.94216,-0.5332
17.385,-0.94264,-0.53297
17.387,-0.94367,-0.53313
17.39,-0.94343,-0.53313
17.392,-0.94224,-0.53313
17.394,-0.94042,-0.53313
17.396,-0.93851,-0.53312
17.398,-0.93851,-0.53313
17.4,-0.94042,-0.53313
17.402,-0.94208,-0.53265
17.404,-0.94446,-0.5332
17.406,-0.94375,-0.53487
17.408,-0.94042,-0.53717
17.41,-0.93613,-0.53892
17.413,-0.9347,-0.53963
17.415,-0.93613,-0.53884
17.417,-0.94042,-0.5382
17.419,-0.94327,-0.53797
17.421,-0.9447,-0.53813
17.423,-0.94375,-0.53813
17.425,-0.94375,-0.53813
17.427,-0.94375,-0.53813
17.429,-0.94375,-0.53813
17.431,-0.94375,-0.53813
17.433,-0.94375,-0.53828
17.435,-0.94375,-0.53805
17.438,-0.94375,-0.53757
17.44,-0.94375,-0.53701
17.442,-0.94375,-0.5367
17.444,-0.94375,-0.53622
17.446,-0.94423,-0.5359
17.448,-0.94351,-0.53535
17.45,-0.94208,-0.53503
17.452,-0.94042,-0.53455
17.454,-0.93946,-0.53408
17.456,-0.93804,-0.53376
17.458,-0.93708,-0.53392
17.46,-0.93542,-0.53384
17.462,-0.93399,-0.53424
17.465,-0.93327,-0.53439
17.467,-0.93375,-0.53447
17.469,-0.93375,-0.53447
17.471,-0.93423,-0.53439
17.473,-0.93351,-0.53368
17.475,-0.93208,-0.53336
17.477,-0.92994,-0.53289
17.479,-0.92875,-0.53257
17.481,-0.93018,-0.53201
17.483,-0.93375,-0.53186
17.485,-0.93685,-0.53114
17.487,-0.93899,-0.53003
17.49,-0.93923,-0.52939
17.492,-0.93875,-0.52971
17.494,-0.93875,-0.52955
17.496,-0.93875,-0.53035
17.498,-0.93875,-0.53066
17.5,-0.93875,-0.53082
17.502,-0.93875,-0.53082
17.504,-0.93875,-0.53066
17.506,-0.93875,-0.52924
17.508,-0.93875,-0.52828
17.51,-0.93875,-0.52781
17.512,-0.93843,-0.52813
17.515,-0.93891,-0.52813
17.517,-0.93986,-0.52813
17.519,-0.94129,-0.52813
17.521,-0.94177,-0.52813
17.523,-0.94129,-0.52813
17.525,-0.93986,-0.52813
17.527,-0.93875,-0.52813
17.529,-0.93851,-0.52813
17.531,-0.93931,-0.52813
17.533,-0.93986,-0.52813
17.535,-0.94034,-0.52813
17.538,-0.94121,-0.52813
17.54,-0.9401,-0.52813
17.542,-0.93819,-0.52828
17.544,-0.93597,-0.52805
17.546,-0.93407,-0.52757
17.548,-0.93312,-0.52686
17.55,-0.93375,-0.52662
17.552,-0.93375,-0.52686
17.554,-0.93375,-0.52757
17.556,-0.93375,-0.52805
17.558,-0.93375,-0.52828
17.56,-0.93375,-0.52813
17.562,-0.93327,-0.52813
17.565,-0.93399,-0.52813
17.567,-0.93542,-0.52813
17.569,-0.93708,-0.52813
17.571,-0.93899,-0.52813
17.573,-0.93899,-0.52813
17.575,-0.93708,-0.52813
17.577,-0.93494,-0.52813
17.579,-0.93375,-0.52813
17.581,-0.93518,-0.52813
17.583,-0.93875,-0.52828
17.585,-0.94232,-0.52805
17.587,-0.94375,-0.52741
17.59,-0.94256,-0.52709
17.592,-0.94042,-0.52725
17.594,-0.93899,-0.52733
17.596,-0.93827,-0.52733
17.598,-0.93875,-0.52725
17.6,-0.93875,-0.52725
17.602,-0.93875,-0.52717
17.604,-0.93923,-0.52725
17.606,-0.93851,-0.52789
17.608,-0.93708,-0.52892
17.61,-0.93542,-0.53003
17.612,-0.93399,-0.5309
17.615,-0.93327,-0.53066
17.617,-0.93375,-0.53003
17.619,-0.93375,-0.52955
17.621,-0.93423,-0.52908
17.623,-0.93351,-0.52876
17.625,-0.93208,-0.52892
17.627,-0.93042,-0.52884
17.629,-0.92804,-0.52924
17.631,-0.92875,-0.52939
17.633,-0.93208,-0.52947
17.635,-0.93542,-0.52947
17.637,-0.93923,-0.52939
17.64,-0.93923,-0.52868
17.642,-0.93542,-0.52836
17.644,-0.93208,-0.52789
17.646,-0.92827,-0.52757
17.648,-0.92827,-0.52686
17.65,-0.93208,-0.52678
17.652,-0.93542,-0.52678
17.654,-0.93875,-0.52686
17.656,-0.93946,-0.52701
17.658,-0.93708,-0.52741
17.66,-0.93542,-0.52733
17.663,-0.93399,-0.52749
17.665,-0.93327,-0.52717
17.667,-0.93375,-0.5267
17.669,-0.93375,-0.52638
17.671,-0.93375,-0.52582
17.673,-0.93375,-0.52479
17.675,-0.93375,-0.52376
17.677,-0.93375,-0.52305
17.679,-0.93375,-0.52297
17.681,-0.93375,-0.52313
17.683,-0.93375,-0.52313
17.685,-0.93375,-0.52313
17.688,-0.93438,-0.52313
17.69,-0.93343,-0.52313
17.692,-0.93153,-0.52313
17.694,-0.92931,-0.52313
17.696,-0.92629,-0.52313
17.698,-0.927,-0.52313
17.7,-0.93097,-0.52313
17.702,-0.93486,-0.52265
17.704,-0.93931,-0.52336
17.706,-0.93931,-0.52479
17.708,-0.93486,-0.52662
17.71,-0.93097,-0.52781
17.712,-0.92653,-0.52805
17.715,-0.92653,-0.52701
17.717,-0.93097,-0.52654
17.719,-0.93486,-0.5263
17.721,-0.93819,-0.5263
17.723,-0.93986,-0.52654
17.725,-0.93875,-0.52717
17.727,-0.93843,-0.52733
17.729,-0.93875,-0.52757
17.731,-0.93994,-0.52773
17.733,-0.94153,-0.52781
17.735,-0.94304,-0.52765
17.737,-0.94415,-0.52781
17.74,-0.94383,-0.52757
17.742,-0.94319,-0.52781
17.744,-0.94264,-0.52781
17.746,-0.942,-0.52773
17.748,-0.942,-0.52701
17.75,-0.94264,-0.5267
17.752,-0.94319,-0.52622
17.754,-0.94367,-0.52574
17.756,-0.94391,-0.52543
17.758,-0.94375,-0.52559
17.76,-0.94327,-0.52551
17.762,-0.94304,-0.5259
17.765,-0.94589,-0.52606
17.767,-0.95042,-0.52614
17.769,-0.95518,-0.52614
17.771,-0.9597,-0.52574
17.773,-0.95923,-0.52551
17.775,-0.95542,-0.52598
17.777,-0.95208,-0.52686
17.779,-0.94827,-0.52797
17.781,-0.94827,-0.52844
17.783,-0.95208,-0.52813
17.785,-0.95542,-0.52813
17.788,-0.95875,-0.52813
17.79,-0.95946,-0.52813
17.792,-0.95708,-0.52813
17.794,-0.95542,-0.52813
17.796,-0.95256,-0.52813
17.798,-0.95399,-0.52813
17.8,-0.95875,-0.52813
17.802,-0.96375,-0.52813
17.804,-0.96946,-0.52813
17.806,-0.96946,-0.52828
17.808,-0.96375,-0.5282
17.81,-0.95875,-0.52749
17.812,-0.95304,-0.52646
17.815,-0.95304,-0.52543
17.817,-0.95875,-0.52487
17.819,-0.96375,-0.52455
17.821,-0.96851,-0.52408
17.823,-0.96994,-0.52376
17.825,-0.96708,-0.52392
17.827,-0.96542,-0.52384
17.829,-0.96256,-0.52424
17.831,-0.96399,-0.52439
17.833,-0.96875,-0.52447
17.835,-0.97375,-0.52447
17.837,-0.97946,-0.52439
17.84,-0.97946,-0.52368
17.842,-0.97375,-0.5232
17.844,-0.96875,-0.52297
17.846,-0.96256,-0.52313
17.848,-0.96327,-0.52313
17.85,-0.97042,-0.52313
17.852,-0.97708,-0.52313
17.854,-0.98438,-0.52313
17.856,-0.98486,-0.52313
17.858,-0.97819,-0.52313
17.86,-0.97264,-0.52313
17.862,-0.96724,-0.52313
17.865,-0.96581,-0.52313
17.867,-0.96931,-0.52313
17.869,-0.97153,-0.52313
17.871,-0.97407,-0.52313
17.873,-0.97407,-0.52313
17.875,-0.97153,-0.52313
17.877,-0.96931,-0.52313
17.879,-0.96677,-0.52313
17.881,-0.96581,-0.52313
17.883,-0.96978,-0.52313
17.885,-0.97486,-0.52313
17.887,-0.98042,-0.52313
17.89,-0.98375,-0.52313
17.892,-0.98359,-0.52313
17.894,-0.98121,-0.52313
17.896,-0.97978,-0.52313
17.898,-0.98169,-0.52313
17.9,-0.98597,-0.52313
17.902,-0.99026,-0.52313
17.904,-0.99454,-0.52313
17.906,-0.99423,-0.52313
17.908,-0.99042,-0.52313
17.91,-0.98708,-0.52313
17.913,-0.98423,-0.52313
17.915,-0.9828,-0.52313
17.917,-0.98375,-0.52313
17.919,-0.98375,-0.52313
17.921,-0.98438,-0.52313
17.923,-0.98343,-0.52313
17.925,-0.98153,-0.52313
17.927,-0.97931,-0.52313
17.929,-0.97677,-0.52313
17.931,-0.97677,-0.52313
17.933,-0.97931,-0.52313
17.935,-0.98153,-0.52313
17.938,-0.98343,-0.52313
17.94,-0.98438,-0.52313
17.942,-0.98375,-0.52328
17.944,-0.98375,-0.52305
17.946,-0.98375,-0.52257
17.948,-0.98375,-0.52201
17.95,-0.98375,-0.5217
17.952,-0.98375,-0.52122
17.954,-0.98375,-0.52074
17.956,-0.98375,-0.52043
17.958,-0.98375,-0.52059
17.96,-0.98375,-0.52051
17.962,-0.98518,-0.5209
17.965,-0.98161,-0.52106
17.967,-0.97946,-0.52114
17.969,-0.97875,-0.52114
17.971,-0.98137,-0.5209
17.973,-0.98065,-0.52027
17.975,-0.97851,-0.52051
17.977,-0.97042,-0.5213
17.979,-0.9628,-0.52249
17.981,-0.9628,-0.5232
17.983,-0.97042,-0.52328
17.985,-0.97708,-0.52313
17.987,-0.98407,-0.52313
17.99,-0.98502,-0.52313
17.992,-0.97931,-0.52313
17.994,-0.97359,-0.52313
17.996,-0.97296,-0.52313
17.998,-0.97169,-0.52313
18,-0.9755,-0.52313
18.002,-0.97867,-0.5236
18.004,-0.98248,-0.52289
18.006,-0.98121,-0.52146
18.008,-0.98058,-0.51979
18.01,-0.97486,-0.51836
18.012,-0.96978,-0.51765
18.015,-0.96978,-0.51797
18.017,-0.97486,-0.5182
18.019,-0.97931,-0.51852
18.021,-0.98407,-0.51916
18.023,-0.98454,-0.52035
18.025,-0.98042,-0.52178
18.027,-0.97613,-0.52225
18.029,-0.9747,-0.52273
18.031,-0.97613,-0.52273
18.033,-0.98042,-0.52265
18.035,-0.98327,-0.52289
18.038,-0.98565,-0.52328
18.04,-0.98327,-0.52328
18.042,-0.98042,-0.52305
18.044,-0.97708,-0.52257
18.046,-0.97423,-0.52201
18.048,-0.9728,-0.52154
18.05,-0.97375,-0.5213
18.052,-0.97375,-0.52146
18.054,-0.97375,-0.5213
18.056,-0.97375,-0.52154
18.058,-0.97375,-0.52217
18.06,-0.97375,-0.52233
18.062,-0.97375,-0.52257
18.065,-0.97375,-0.52273
18.067,-0.97375,-0.52265
18.069,-0.97375,-0.52289
18.071,-0.97375,-0.52328
18.073,-0.9747,-0.52297
18.075,-0.97407,-0.5232
18.077,-0.97018,-0.52368
18.079,-0.96661,-0.52424
18.081,-0.95692,-0.52455
18.083,-0.94542,-0.52503
18.085,-0.94415,-0.52471
18.087,-0.93367,-0.52622
18.09,-0.89526,-0.5286
18.092,-0.84708,-0.53106
18.094,-0.80097,-0.53265
18.096,-0.76089,-0.53384
18.098,-0.74304,-0.53368
18.1,-0.72883,-0.53424
18.102,-0.70565,-0.53439
18.104,-0.68169,-0.53463
18.106,-0.66804,-0.53614
18.108,-0.65581,-0.53868
18.11,-0.64391,-0.5413
18.112,-0.64732,-0.5432
18.115,-0.66558,-0.54313
18.117,-0.68804,-0.54336
18.119,-0.71208,-0.54479
18.121,-0.73899,-0.54551
18.123,-0.78216,-0.54836
18.125,-0.83859,-0.55193
18.127,-0.88954,-0.55432
18.129,-0.92208,-0.55789
18.131,-0.92756,-0.56074
18.133,-0.91915,-0.56146
18.135,-0.92462,-0.56289
18.137,-0.93994,-0.5636
18.14,-0.95907,-0.56344
18.142,-0.97597,-0.56297
18.144,-0.98462,-0.56201
18.146,-0.98613,-0.5609
18.148,-0.9847,-0.55995
18.15,-0.98423,-0.55947
18.152,-0.97994,-0.55979
18.154,-0.9728,-0.55947
18.156,-0.96708,-0.55995
18.158,-0.96597,-0.56122
18.16,-0.96986,-0.56154
18.163,-0.98558,-0.56201
18.165,-1.0042,-0.56233
18.167,-1.022,-0.56217
18.169,-1.0306,-0.56217
18.171,-1.0312,-0.56368
18.173,-1.019,-0.56479
18.175,-1.0085,-0.56678
18.177,-0.99851,-0.56773
18.179,-0.99692,-0.56749
18.181,-0.99812,-0.5659
18.183,-1.0043,-0.56511
18.185,-1.0081,-0.56439
18.188,-1.0114,-0.56408
18.19,-1.008,-0.56376
18.192,-1.0037,-0.56392
18.194,-0.99875,-0.56384
18.196,-0.99446,-0.56424
18.198,-0.99232,-0.56439
18.2,-0.99375,-0.56447
18.202,-0.99375,-0.56447
18.204,-0.99423,-0.56439
18.206,-0.99351,-0.56368
18.208,-0.99208,-0.5632
18.21,-0.99042,-0.56297
18.212,-0.98899,-0.56312
18.215,-0.98827,-0.56312
18.217,-0.98875,-0.56312
18.219,-0.98923,-0.56312
18.221,-0.98851,-0.56312
18.223,-0.98708,-0.56312
18.225,-0.98542,-0.56312
18.227,-0.98399,-0.56312
18.229,-0.98327,-0.56312
18.231,-0.98375,-0.56312
18.233,-0.98375,-0.56312
18.235,-0.98375,-0.56312
18.237,-0.98375,-0.56312
18.24,-0.98375,-0.56312
18.242,-0.98375,-0.56344
18.244,-0.98375,-0.56297
18.246,-0.98375,-0.56201
18.248,-0.98375,-0.5609
18.25,-0.98248,-0.56027
18.252,-0.98438,-0.55932
18.254,-0.98946,-0.55836
18.256,-0.992,-0.55773
18.258,-0.992,-0.55805
18.26,-0.98946,-0.55789
18.262,-0.98312,-0.55868
18.265,-0.98312,-0.559
18.267,-0.98819,-0.55916
18.269,-0.99264,-0.55916
18.271,-0.99772,-0.5582
18.273,-0.99772,-0.55797
18.275,-0.99264,-0.55971
18.277,-0.98772,-0.56154
18.279,-0.98462,-0.56328
18.281,-0.98462,-0.56305
18.283,-0.98685,-0.56193
18.285,-0.98685,-0.56217
18.288,-0.98685,-0.56297
18.29,-0.98351,-0.5636
18.292,-0.97994,-0.56424
18.294,-0.97708,-0.56384
18.296,-0.9747,-0.56424
18.298,-0.97256,-0.56439
18.3,-0.97208,-0.56447
18.302,-0.97042,-0.56447
18.304,-0.96915,-0.56439
18.306,-0.96819,-0.56368
18.308,-0.96819,-0.5632
18.31,-0.96748,-0.56297
18.312,-0.96724,-0.56313
18.315,-0.96748,-0.56313
18.317,-0.96819,-0.56313
18.319,-0.96867,-0.56313
18.321,-0.96954,-0.56313
18.323,-0.96843,-0.56313
18.325,-0.96653,-0.56313
18.327,-0.96431,-0.56313
18.329,-0.96272,-0.56265
18.331,-0.96097,-0.56336
18.333,-0.96113,-0.56479
18.335,-0.96097,-0.56646
18.337,-0.96145,-0.56789
18.34,-0.96145,-0.5686
18.342,-0.96129,-0.5686
18.344,-0.95954,-0.56789
18.346,-0.95907,-0.56646
18.348,-0.95954,-0.56479
18.35,-0.96097,-0.56336
18.352,-0.96224,-0.56265
18.354,-0.96224,-0.56297
18.356,-0.96097,-0.5632
18.358,-0.95986,-0.56384
18.36,-0.95859,-0.56416
18.362,-0.95986,-0.56416
18.365,-0.95875,-0.56384
18.367,-0.95677,-0.56336
18.369,-0.9547,-0.56257
18.371,-0.95351,-0.56257
18.373,-0.952,-0.5632
18.375,-0.95256,-0.56447
18.377,-0.94994,-0.56551
18.379,-0.94923,-0.56614
18.381,-0.94994,-0.56551
18.383,-0.95208,-0.56487
18.385,-0.95351,-0.56447
18.387,-0.95423,-0.56487
18.39,-0.95375,-0.56535
18.392,-0.95375,-0.5659
18.394,-0.95375,-0.56638
18.396,-0.95375,-0.56646
18.398,-0.95375,-0.56654
18.4,-0.95375,-0.56717
18.402,-0.95375,-0.56733
18.404,-0.95375,-0.56741
18.406,-0.95375,-0.56781
18.408,-0.95375,-0.56836
18.41,-0.95375,-0.56892
18.413,-0.95375,-0.56932
18.415,-0.95375,-0.56884
18.417,-0.95375,-0.5682
18.419,-0.95375,-0.56797
18.421,-0.95423,-0.56813
18.423,-0.95351,-0.56813
18.425,-0.95208,-0.56813
18.427,-0.94994,-0.56813
18.429,-0.9497,-0.56813
18.431,-0.94923,-0.56813
18.433,-0.95065,-0.56813
18.435,-0.95185,-0.56828
18.438,-0.95296,-0.5682
18.44,-0.95296,-0.56733
18.442,-0.95367,-0.56654
18.444,-0.95264,-0.56598
18.446,-0.95153,-0.56582
18.448,-0.95224,-0.56622
18.45,-0.95431,-0.56662
18.452,-0.95653,-0.56646
18.454,-0.95891,-0.5663
18.456,-0.95915,-0.56654
18.458,-0.95708,-0.56717
18.46,-0.95494,-0.56733
18.462,-0.95264,-0.56757
18.465,-0.95573,-0.56773
18.467,-0.96264,-0.56765
18.469,-0.96962,-0.56789
18.471,-0.97669,-0.56828
18.473,-0.97669,-0.56765
18.475,-0.9701,-0.56836
18.477,-0.96256,-0.57027
18.479,-0.95526,-0.57122
18.481,-0.94907,-0.57122
18.483,-0.94415,-0.57074
18.485,-0.9378,-0.5686
18.487,-0.9347,-0.56574
18.49,-0.92915,-0.56312
18.492,-0.91899,-0.56051
18.494,-0.90756,-0.55765
18.496,-0.88875,-0.55598
18.498,-0.87065,-0.55432
18.5,-0.86042,-0.55376
18.502,-0.85446,-0.55455
18.504,-0.85137,-0.55574
18.506,-0.85375,-0.55566
18.508,-0.85375,-0.55479
18.51,-0.85185,-0.55344
18.512,-0.8547,-0.55265
18.515,-0.86042,-0.55201
18.517,-0.86565,-0.55059
18.519,-0.87319,-0.55011
18.521,-0.88065,-0.5509
18.523,-0.88446,-0.55154
18.525,-0.89058,-0.55201
18.527,-0.89637,-0.55233
18.529,-0.89851,-0.55249
18.531,-0.90224,-0.55249
18.533,-0.90613,-0.55249
18.535,-0.90732,-0.55082
18.538,-0.90685,-0.54939
18.54,-0.90589,-0.54836
18.542,-0.90351,-0.5482
18.544,-0.90304,-0.54813
18.546,-0.90565,-0.54852
18.548,-0.90875,-0.54733
18.55,-0.91137,-0.54503
18.552,-0.91391,-0.54336
18.554,-0.91589,-0.5436
18.556,-0.9178,-0.54273
18.558,-0.92105,-0.5413
18.56,-0.92542,-0.53844
18.562,-0.92899,-0.53543
18.565,-0.932,-0.53376
18.567,-0.93399,-0.53455
18.569,-0.93423,-0.53352
18.571,-0.93375,-0.53225
18.573,-0.93327,-0.53066
18.575,-0.93399,-0.52924
18.577,-0.93542,-0.52876
18.579,-0.93708,-0.52892
18.581,-0.93851,-0.52781
18.583,-0.93923,-0.52638
18.585,-0.93875,-0.52455
18.587,-0.93875,-0.52313
18.59,-0.93827,-0.52257
18.592,-0.93899,-0.52265
18.594,-0.94042,-0.52257
18.596,-0.94208,-0.52281
18.598,-0.94351,-0.52281
18.6,-0.94423,-0.52273
18.602,-0.94375,-0.52201
18.604,-0.94375,-0.52217
18.606,-0.94296,-0.52098
18.608,-0.94415,-0.51924
18.61,-0.94653,-0.51638
18.612,-0.94931,-0.51606
18.615,-0.95169,-0.51606
18.617,-0.95319,-0.51638
18.619,-0.95192,-0.51701
18.621,-0.95097,-0.5186
18.623,-0.94986,-0.51765
18.625,-0.94843,-0.51924
18.627,-0.94867,-0.51987
18.629,-0.95042,-0.52019
18.631,-0.95256,-0.52019
18.633,-0.95327,-0.51987
18.635,-0.95256,-0.51701
18.637,-0.95042,-0.51543
18.64,-0.94819,-0.514
18.642,-0.94819,-0.51368
18.644,-0.95161,-0.51257
18.646,-0.95605,-0.51193
18.648,-0.96058,-0.51098
18.65,-0.96375,-0.51003
18.652,-0.96415,-0.50939
18.654,-0.96391,-0.50971
18.656,-0.96327,-0.50955
18.658,-0.96351,-0.51035
18.66,-0.96565,-0.51066
18.663,-0.96875,-0.51082
18.665,-0.97185,-0.51082
18.667,-0.97399,-0.51066
18.669,-0.97423,-0.50892
18.671,-0.97375,-0.50876
18.673,-0.97375,-0.50876
18.675,-0.97375,-0.50892
18.677,-0.97343,-0.50892
18.679,-0.97391,-0.51019
18.681,-0.97486,-0.51098
18.683,-0.97597,-0.51209
18.685,-0.97692,-0.51289
18.688,-0.9774,-0.51336
18.69,-0.97677,-0.51289
18.692,-0.97645,-0.51368
18.694,-0.97859,-0.514
18.696,-0.98208,-0.51416
18.698,-0.98581,-0.51447
18.7,-0.98946,-0.51384
18.702,-0.98915,-0.5113
18.704,-0.98597,-0.50947
18.706,-0.9824,-0.50852
18.708,-0.98121,-0.50892
18.71,-0.9824,-0.50955
18.712,-0.98597,-0.51019
18.715,-0.98835,-0.51027
18.717,-0.98954,-0.51019
18.719,-0.98875,-0.51035
18.721,-0.98875,-0.51059
18.723,-0.98875,-0.51074
18.725,-0.98827,-0.51122
18.727,-0.98851,-0.5117
18.729,-0.99065,-0.51201
18.731,-0.99375,-0.51257
18.733,-0.99716,-0.51289
18.735,-0.99883,-0.5132
18.737,-0.99812,-0.51376
18.74,-0.99621,-0.51479
18.742,-0.99573,-0.51582
18.744,-0.99621,-0.51638
18.746,-0.99764,-0.5167
18.748,-0.99859,-0.51701
18.75,-0.99938,-0.51757
18.752,-0.99859,-0.51805
18.754,-0.99764,-0.51828
18.756,-0.99653,-0.51813
18.758,-0.99558,-0.51813
18.76,-0.9951,-0.51813
18.762,-0.99542,-0.51813
18.765,-0.99605,-0.51813
18.767,-0.9951,-0.51765
18.769,-0.99319,-0.51789
18.771,-0.99097,-0.52003
18.773,-0.98907,-0.52313
18.775,-0.98669,-0.52622
18.777,-0.98946,-0.52836
18.779,-0.99375,-0.5286
18.781,-0.99875,-0.52813
18.783,-1.0035,-0.52765
18.785,-1.0049,-0.52836
18.788,-1.0021,-0.53027
18.79,-1.0004,-0.53074
18.792,-0.99851,-0.53146
18.794,-0.99851,-0.53193
18.796,-1.0004,-0.5317
18.798,-1.0021,-0.53241
18.8,-1.004,-0.5336
18.802,-1.004,-0.53297
18.804,-1.0021,-0.5332
18.806,-1.0004,-0.53368
18.808,-0.99851,-0.53424
18.81,-0.99851,-0.53471
18.812,-1.0004,-0.53511
18.815,-1.0021,-0.53471
18.817,-1.0035,-0.53408
18.819,-1.0042,-0.53376
18.821,-1.0038,-0.53392
18.823,-1.0038,-0.53384
18.825,-1.0038,-0.53424
18.827,-1.0038,-0.53439
18.829,-1.0038,-0.53432
18.831,-1.0038,-0.53455
18.833,-1.0038,-0.53479
18.835,-1.0038,-0.53487
18.837,-1.0038,-0.53535
18.84,-1.0037,-0.5359
18.842,-1.0034,-0.53638
18.844,-1.0038,-0.53662
18.846,-1.0049,-0.53646
18.848,-1.0065,-0.53646
18.85,-1.008,-0.5363
18.852,-1.009,-0.53654
18.854,-1.0089,-0.53717
18.856,-1.0081,-0.53733
18.858,-1.0083,-0.53757
18.86,-1.0114,-0.53773
18.862,-1.016,-0.53765
18.865,-1.0207,-0.53789
18.867,-1.024,-0.5386
18.869,-1.0245,-0.53797
18.871,-1.0238,-0.53701
18.873,-1.0238,-0.5359
18.875,-1.0238,-0.53495
18.877,-1.0238,-0.53416
18.879,-1.0238,-0.53495
18.881,-1.0238,-0.53559
18.883,-1.0238,-0.53717
18.885,-1.0238,-0.53908
18.887,-1.0238,-0.54066
18.89,-1.0238,-0.5413
18.892,-1.0247,-0.54178
18.894,-1.0228,-0.54146
18.896,-1.0207,-0.54146
18.898,-1.0188,-0.5413
18.9,-1.018,-0.54154
18.902,-1.0173,-0.54201
18.904,-1.0176,-0.54257
18.906,-1.0154,-0.54305
18.908,-1.0135,-0.54328
18.91,-1.0135,-0.54312
18.913,-1.0154,-0.54312
18.915,-1.0171,-0.54312
18.917,-1.0185,-0.54312
18.919,-1.0192,-0.54312
18.921,-1.0188,-0.54312
18.923,-1.0187,-0.54312
18.925,-1.0188,-0.54312
18.927,-1.0188,-0.54312
18.929,-1.0188,-0.54312
18.931,-1.0188,-0.54313
18.933,-1.0197,-0.54344
18.935,-1.0183,-0.54297
18.938,-1.0154,-0.54201
18.94,-1.0121,-0.5409
18.942,-1.0088,-0.53995
18.944,-1.008,-0.53932
18.946,-1.0104,-0.54003
18.948,-1.0126,-0.54027
18.95,-1.0133,-0.54035
18.952,-1.0126,-0.54027
18.954,-1.0104,-0.54019
18.956,-1.0085,-0.53939
18.958,-1.0085,-0.53932
18.96,-1.0101,-0.53924
18.962,-1.0122,-0.53932
18.965,-1.0146,-0.53971
18.967,-1.0168,-0.53987
18.969,-1.0168,-0.53924
18.971,-1.0163,-0.53868
18.973,-1.0145,-0.5382
18.975,-1.0139,-0.53797
18.977,-1.0146,-0.53797
18.979,-1.0165,-0.53836
18.981,-1.018,-0.53844
18.983,-1.0191,-0.53876
18.985,-1.0188,-0.53916
18.987,-1.0182,-0.53963
18.99,-1.0175,-0.53932
18.992,-1.0174,-0.53947
18.994,-1.0172,-0.53924
18.996,-1.0177,-0.53932
18.998,-1.0181,-0.53971
19,-1.0186,-0.54003
19.002,-1.0184,-0.53916
19.004,-1.0184,-0.53812
19.006,-1.0176,-0.53709
19.008,-1.017,-0.53638
19.01,-1.017,-0.53614
19.012,-1.0176,-0.5367
19.015,-1.0182,-0.53693
19.017,-1.0188,-0.5367
19.019,-1.0188,-0.53709
19.021,-1.0182,-0.53812
19.023,-1.0175,-0.53805
19.025,-1.0172,-0.53868
19.027,-1.0175,-0.539
19.029,-1.0182,-0.53884
19.031,-1.0187,-0.53932
19.033,-1.0191,-0.54074
19.035,-1.0187,-0.53947
19.038,-1.0182,-0.53757
19.04,-1.0176,-0.53535
19.042,-1.0165,-0.53344
19.044,-1.0172,-0.53249
19.046,-1.0193,-0.53312
19.048,-1.0215,-0.53312
19.05,-1.0234,-0.53312
19.052,-1.0244,-0.53312
19.054,-1.0238,-0.53312
19.056,-1.0238,-0.53312
19.058,-1.0238,-0.53312
19.06,-1.0238,-0.53312
19.062,-1.0238,-0.53312
19.065,-1.0238,-0.53312
19.067,-1.0238,-0.53312
19.069,-1.0238,-0.53312
19.071,-1.0238,-0.53313
19.073,-1.0238,-0.53313
19.075,-1.0238,-0.53313
19.077,-1.0242,-0.53265
19.079,-1.023,-0.53384
19.081,-1.0223,-0.53455
19.083,-1.0226,-0.53432
19.085,-1.0221,-0.53479
19.087,-1.0214,-0.53598
19.09,-1.0209,-0.53527
19.092,-1.019,-0.53646
19.094,-1.0183,-0.53693
19.096,-1.0188,-0.5367
19.098,-1.0188,-0.53741
19.1,-1.0188,-0.53892
19.102,-1.0188,-0.53797
19.104,-1.0188,-0.53701
19.106,-1.0188,-0.5359
19.108,-1.0188,-0.53495
19.11,-1.0188,-0.53432
19.112,-1.0188,-0.53503
19.115,-1.0188,-0.53527
19.117,-1.0192,-0.53519
19.119,-1.0185,-0.53535
19.121,-1.0171,-0.53574
19.123,-1.0154,-0.53551
19.125,-1.014,-0.5359
19.127,-1.0133,-0.53606
19.129,-1.0138,-0.53598
19.131,-1.0138,-0.53622
19.133,-1.0138,-0.53709
19.135,-1.0138,-0.53622
19.137,-1.0138,-0.53479
19.14,-1.0138,-0.53313
19.142,-1.0138,-0.5317
19.144,-1.0138,-0.53066
19.146,-1.0138,-0.53193
19.148,-1.0138,-0.53241
19.15,-1.0138,-0.53225
19.152,-1.0138,-0.53257
19.154,-1.0138,-0.53336
19.156,-1.0138,-0.53289
19.158,-1.013,-0.53368
19.16,-1.0141,-0.534
19.163,-1.0165,-0.53384
19.165,-1.0193,-0.53432
19.167,-1.0225,-0.53622
19.169,-1.0225,-0.53424
19.171,-1.0193,-0.5309
19.173,-1.0157,-0.52701
19.175,-1.0144,-0.52368
19.177,-1.0158,-0.52154
19.179,-1.0199,-0.52384
19.181,-1.0228,-0.52455
19.183,-1.0253,-0.52432
19.185,-1.0235,-0.52479
19.188,-1.021,-0.52598
19.19,-1.0182,-0.52527
19.192,-1.015,-0.52646
19.194,-1.015,-0.52693
19.196,-1.0182,-0.5267
19.198,-1.021,-0.52741
19.2,-1.0238,-0.52876
19.202,-1.0243,-0.52805
19.204,-1.0221,-0.52757
19.206,-1.0204,-0.52701
19.208,-1.0166,-0.52654
19.21,-1.0195,-0.52614
19.212,-1.0271,-0.5267
19.215,-1.0354,-0.52693
19.217,-1.0446,-0.52686
19.219,-1.0451,-0.52701
19.221,-1.0365,-0.52741
19.223,-1.0293,-0.52717
19.225,-1.0231,-0.52741
19.227,-1.02,-0.52781
19.229,-1.0221,-0.5282
19.231,-1.0221,-0.529
19.233,-1.0226,-0.53003
19.235,-1.0218,-0.53019
19.237,-1.0204,-0.52908
19.24,-1.0188,-0.52757
19.242,-1.0172,-0.52598
19.244,-1.0167,-0.52447
19.246,-1.0176,-0.52495
19.248,-1.0184,-0.52574
19.25,-1.0189,-0.52559
19.252,-1.0182,-0.5259
19.254,-1.0165,-0.5267
19.256,-1.0146,-0.52654
19.258,-1.0138,-0.52686
19.26,-1.0146,-0.52622
19.262,-1.0165,-0.52495
19.265,-1.018,-0.52447
19.267,-1.019,-0.52527
19.269,-1.0189,-0.52455
19.271,-1.0188,-0.52313
19.273,-1.0187,-0.52146
19.275,-1.0188,-0.52003
19.277,-1.0188,-0.51932
19.279,-1.0188,-0.52027
19.281,-1.0188,-0.51955
19.283,-1.0188,-0.51765
19.285,-1.0188,-0.5167
19.288,-1.0188,-0.51733
19.29,-1.0188,-0.5167
19.292,-1.0188,-0.51765
19.294,-1.0188,-0.51805
19.296,-1.0188,-0.51789
19.298,-1.0188,-0.519
19.3,-1.0188,-0.52035
19.302,-1.0188,-0.51924
19.304,-1.0188,-0.51868
19.306,-1.0188,-0.5182
19.308,-1.0178,-0.51749
19.31,-1.0192,-0.51789
19.312,-1.0221,-0.52051
19.315,-1.0254,-0.52289
19.317,-1.0292,-0.52408
19.319,-1.0292,-0.52527
19.321,-1.0254,-0.52598
19.323,-1.0221,-0.52527
19.325,-1.0183,-0.52646
19.327,-1.0183,-0.52693
19.329,-1.0221,-0.5267
19.331,-1.0254,-0.52741
19.333,-1.0292,-0.52955
19.335,-1.0292,-0.52765
19.337,-1.0254,-0.52479
19.34,-1.0221,-0.52146
19.342,-1.0188,-0.5186
19.344,-1.018,-0.5167
19.346,-1.0204,-0.51884
19.348,-1.0221,-0.51955
19.35,-1.024,-0.51932
19.352,-1.024,-0.51979
19.354,-1.0221,-0.52098
19.356,-1.0204,-0.52027
19.358,-1.0185,-0.52146
19.36,-1.0185,-0.52193
19.362,-1.0204,-0.5217
19.365,-1.0221,-0.52241
19.367,-1.0243,-0.52376
19.369,-1.0238,-0.52305
19.371,-1.021,-0.52257
19.373,-1.0182,-0.52201
19.375,-1.015,-0.52154
19.377,-1.015,-0.5213
19.379,-1.0182,-0.52178
19.381,-1.021,-0.5213
19.383,-1.0238,-0.52003
19.385,-1.0243,-0.51939
19.387,-1.0221,-0.51971
19.39,-1.0204,-0.51955
19.392,-1.019,-0.52035
19.394,-1.0183,-0.52066
19.396,-1.0188,-0.52051
19.398,-1.0188,-0.5213
19.4,-1.0188,-0.52162
19.402,-1.0188,-0.52035
19.404,-1.0188,-0.51924
19.406,-1.0188,-0.51828
19.408,-1.0188,-0.51749
19.41,-1.0188,-0.51797
19.413,-1.0188,-0.51971
19.415,-1.0188,-0.5213
19.417,-1.0191,-0.52209
19.419,-1.0186,-0.52289
19.421,-1.0176,-0.52336
19.423,-1.0165,-0.52289
19.425,-1.0153,-0.52368
19.427,-1.0153,-0.524
19.429,-1.0165,-0.52384
19.431,-1.0176,-0.52432
19.433,-1.0191,-0.5259
19.435,-1.0188,-0.52439
19.438,-1.0171,-0.52201
19.44,-1.0154,-0.51924
19.442,-1.0135,-0.51686
19.444,-1.0135,-0.51487
19.446,-1.0154,-0.51765
19.448,-1.0171,-0.51884
19.45,-1.019,-0.51844
19.452,-1.019,-0.51924
19.454,-1.0171,-0.52122
19.456,-1.0154,-0.52003
19.458,-1.0135,-0.52201
19.46,-1.0135,-0.52281
19.462,-1.0154,-0.52241
19.465,-1.0171,-0.5236
19.467,-1.0199,-0.52606
19.469,-1.0185,-0.52455
19.471,-1.0138,-0.52312
19.473,-1.0088,-0.52146
19.475,-1.0045,-0.52003
19.477,-1.0023,-0.51868
19.479,-1.0038,-0.52074
19.481,-1.0038,-0.5217
19.483,-1.0038,-0.52138
19.485,-1.0038,-0.52201
19.487,-1.0038,-0.5236
19.49,-1.0038,-0.52265
19.492,-1.0038,-0.52424
19.494,-1.0038,-0.52487
19.496,-1.0038,-0.52455
19.498,-1.0038,-0.52551
19.5,-1.0038,-0.52757
19.502,-1.0038,-0.52622
19.504,-1.0038,-0.52479
19.506,-1.0033,-0.52313
19.508,-1.004,-0.5217
19.51,-1.0054,-0.52066
19.512,-1.0071,-0.52193
19.515,-1.0085,-0.52241
19.517,-1.01,-0.52225
19.519,-1.0084,-0.52257
19.521,-1.006,-0.52336
19.523,-1.0032,-0.52289
19.525,-1,-0.52368
19.527,-1,-0.524
19.529,-1.0032,-0.52384
19.531,-1.006,-0.52432
19.533,-1.0085,-0.52559
19.535,-1.0095,-0.52455
19.538,-1.0082,-0.52312
19.54,-1.0075,-0.52146
19.542,-1.0072,-0.52003
19.544,-1.0075,-0.51916
19.546,-1.0082,-0.52003
19.548,-1.0087,-0.52027
19.55,-1.0091,-0.52019
19.552,-1.0087,-0.52035
19.554,-1.0082,-0.52074
19.556,-1.0076,-0.52051
19.558,-1.0072,-0.5209
19.56,-1.0069,-0.52106
19.562,-1.0071,-0.52098
19.565,-1.0074,-0.52122
19.567,-1.0071,-0.52193
19.569,-1.0059,-0.5213
19.571,-1.0043,-0.52035
19.573,-1.0026,-0.51924
19.575,-1.0014,-0.51828
19.577,-1.0027,-0.51733
19.579,-1.0044,-0.51884
19.581,-1.0072,-0.51955
19.583,-1.0105,-0.51932
19.585,-1.0125,-0.51979
19.587,-1.013,-0.52098
19.59,-1.0131,-0.52027
19.592,-1.012,-0.52146
19.594,-1.012,-0.52193
19.596,-1.0126,-0.5217
19.598,-1.0132,-0.52241
19.6,-1.0138,-0.52408
19.602,-1.0138,-0.52289
19.604,-1.0132,-0.52146
19.606,-1.0125,-0.51979
19.608,-1.0118,-0.51836
19.61,-1.0127,-0.51765
19.612,-1.0149,-0.51813
19.615,-1.017,-0.51813
19.617,-1.0187,-0.51813
19.619,-1.0192,-0.51813
19.621,-1.0188,-0.51813
19.623,-1.0184,-0.51813
19.625,-1.0188,-0.51813
19.627,-1.0199,-0.51813
19.629,-1.0215,-0.51813
19.631,-1.023,-0.51813
19.633,-1.024,-0.51813
19.635,-1.0239,-0.51812
19.637,-1.0238,-0.51813
19.64,-1.0238,-0.51813
19.642,-1.0223,-0.51813
19.644,-1.0245,-0.51765
19.646,-1.0288,-0.51884
19.648,-1.0338,-0.51955
19.65,-1.0395,-0.51932
19.652,-1.0395,-0.51979
19.654,-1.0338,-0.52098
19.656,-1.0288,-0.52027
19.658,-1.023,-0.52146
19.66,-1.023,-0.52193
19.663,-1.0288,-0.5217
19.665,-1.0338,-0.52241
19.667,-1.0395,-0.52408
19.669,-1.0395,-0.52289
19.671,-1.0338,-0.52146
19.673,-1.0288,-0.51979
19.675,-1.024,-0.51836
19.677,-1.0226,-0.51717
19.679,-1.0254,-0.51836
19.681,-1.0271,-0.51979
19.683,-1.029,-0.52098
19.685,-1.029,-0.52312
19.688,-1.0271,-0.52574
19.69,-1.0254,-0.52574
19.692,-1.0235,-0.52646
19.694,-1.0235,-0.52693
19.696,-1.0254,-0.5267
19.698,-1.0271,-0.52741
19.7,-1.0295,-0.5286
19.702,-1.0288,-0.52812
19.704,-1.0254,-0.52813
19.706,-1.0226,-0.52813
19.708,-1.019,-0.52813
19.71,-1.0161,-0.52813
19.712,-1.0154,-0.5286
19.715,-1.014,-0.52789
19.717,-1.0147,-0.52598
19.719,-1.013,-0.52503
19.721,-1.0088,-0.52551
19.723,-1.0038,-0.52527
19.725,-0.99946,-0.52646
19.727,-0.99685,-0.52693
19.729,-0.99899,-0.5267
19.731,-1.0004,-0.52741
19.733,-1.0027,-0.52844
19.735,-1.0032,-0.5282
19.737,-1.002,-0.52868
19.74,-0.99915,-0.52924
19.742,-0.99748,-0.52971
19.744,-0.997,-0.52979
19.746,-0.99819,-0.52987
19.748,-0.99867,-0.53035
19.75,-1.0013,-0.53074
19.752,-0.99756,-0.53146
19.754,-0.99042,-0.53233
19.756,-0.98208,-0.53233
19.758,-0.97494,-0.53257
19.76,-0.97137,-0.53273
19.762,-0.97375,-0.53265
19.765,-0.97375,-0.53289
19.767,-0.97423,-0.53328
19.769,-0.97351,-0.53312
19.771,-0.97208,-0.53313
19.773,-0.97042,-0.53313
19.775,-0.96899,-0.53265
19.777,-0.96827,-0.53336
19.779,-0.96875,-0.53479
19.781,-0.96875,-0.53646
19.783,-0.96986,-0.53789
19.785,-0.96819,-0.5386
19.788,-0.96486,-0.53813
19.79,-0.96097,-0.53813
19.792,-0.95764,-0.53813
19.794,-0.95581,-0.53813
19.796,-0.95716,-0.53813
19.798,-0.95764,-0.53813
19.8,-0.95867,-0.53781
19.802,-0.95843,-0.53828
19.804,-0.95724,-0.53924
19.806,-0.95494,-0.54035
19.808,-0.95423,-0.54114
19.81,-0.95494,-0.54186
19.812,-0.95708,-0.54201
19.815,-0.95851,-0.54257
19.817,-0.9597,-0.54305
19.819,-0.95851,-0.54328
19.821,-0.95708,-0.54312
19.823,-0.95542,-0.54312
19.825,-0.95589,-0.54312
19.827,-0.95232,-0.54312
19.829,-0.94708,-0.54312
19.831,-0.94042,-0.54312
19.833,-0.93518,-0.54312
19.835,-0.93304,-0.54312
19.837,-0.93185,-0.54312
19.84,-0.92518,-0.54312
19.842,-0.91923,-0.54233
19.844,-0.9097,-0.54193
19.846,-0.90089,-0.5467
19.848,-0.90415,-0.54693
19.85,-0.89431,-0.55566
19.852,-0.85923,-0.5886
19.854,-0.78748,-0.66146
19.856,-0.70002,-0.74781
19.858,-0.62637,-0.82479
19.86,-0.59415,-0.8632
19.862,-0.58954,-0.86828
19.865,-0.59875,-0.85813
19.867,-0.61954,-0.84622
19.869,-0.59423,-0.85265
19.871,-0.55304,-0.88741
19.873,-0.42494,-0.98511
19.875,-0.24105,-1.1232
19.877,-0.065337,-1.2549
19.879,0.038234,-1.3333
19.881,0.099266,-1.3652
19.883,-0.010417,-1.2812
19.885,0.060615,-1.3374
19.887,0.41895,-1.6334
19.89,0.90903,-2.0334
19.892,1.3724,-2.4358
19.894,1.6882,-2.7188
19.896,1.7256,-2.7502
19.898,1.7245,-2.7369
19.9,1.792,-2.7699
19.902,1.8609,-2.7874
19.904,1.8993,-2.8045
19.906,1.9232,-2.8167
19.908,1.9336,-2.8196
19.91,1.921,-2.8191
19.913,1.9041,-2.8181
19.915,1.8951,-2.8161
19.917,1.8936,-2.8179
19.919,1.9017,-2.826
19.921,1.9096,-2.8365
19.923,1.9162,-2.8476
19.925,1.9217,-2.8562
19.927,1.9251,-2.8589
19.929,1.9327,-2.8607
19.931,1.9393,-2.8629
19.933,1.9455,-2.8634
19.935,1.9484,-2.8633
19.938,1.9493,-2.8631
19.94,1.9498,-2.8631
19.942,1.9522,-2.8631
19.944,1.9512,-2.8631
19.946,1.9512,-2.8631
19.948,1.9512,-2.8631
19.95,1.9519,-2.8639
19.952,1.9522,-2.8629
19.954,1.9487,-2.8603
19.956,1.9424,-2.857
19.958,1.9353,-2.8539
19.96,1.9292,-2.8525
19.962,1.9236,-2.8535
19.965,1.9193,-2.8544
19.967,1.9147,-2.855
19.969,1.9112,-2.8549
19.971,1.9093,-2.8532
19.973,1.9111,-2.8483
19.975,1.9133,-2.8426
19.977,1.9203,-2.8361
19.979,1.9311,-2.8307
19.981,1.9287,-2.8295
19.983,1.9423,-2.8261
19.985,2.003,-2.8222
19.987,2.0913,-2.813
19.99,2.183,-2.8006
19.992,2.2482,-2.7848
19.994,2.2609,-2.7693
19.996,2.2618,-2.7547
19.998,2.2758,-2.7475
20,2.2929,-2.7402
20.002,2.3086,-2.7352
20.004,2.3162,-2.7295
20.006,2.3177,-2.7237
20.008,2.3212,-2.7208
20.01,2.3203,-2.7208
20.012,2.3236,-2.7215
20.015,2.3258,-2.7218
20.017,2.3303,-2.7205
20.019,2.3348,-2.72
20.021,2.3388,-2.7224
20.023,2.3409,-2.7263
20.025,2.3471,-2.7311
20.027,2.3482,-2.7365
20.029,2.3502,-2.7389
20.031,2.3497,-2.7402
20.033,2.3485,-2.7419
20.035,2.3474,-2.7416
20.038,2.3461,-2.7403
20.04,2.3461,-2.7392
20.042,2.3477,-2.7383
20.044,2.3483,-2.7373
20.046,2.3483,-2.7384
20.048,2.3477,-2.7398
20.05,2.3466,-2.7415
20.052,2.3459,-2.7437
20.054,2.3455,-2.7432
20.056,2.3452,-2.7403
20.058,2.3454,-2.7368
20.06,2.3458,-2.7356
20.062,2.3455,-2.7368
20.065,2.3442,-2.7403
20.067,2.3424,-2.7435
20.069,2.3412,-2.7437
20.071,2.3409,-2.7403
20.073,2.3412,-2.737
20.075,2.3412,-2.7341
20.077,2.3409,-2.7324
20.079,2.3414,-2.733
20.081,2.3422,-2.7331
20.083,2.3436,-2.7336
20.085,2.345,-2.7334
20.087,2.346,-2.7312
20.09,2.3462,-2.7281
20.092,2.3464,-2.7246
20.094,2.3462,-2.7231
20.096,2.3462,-2.7243
20.098,2.3462,-2.7265
20.1,2.3462,-2.7284
20.102,2.3462,-2.7284
20.104,2.3462,-2.7265
20.106,2.3459,-2.7248
20.108,2.3464,-2.7234
20.11,2.3474,-2.7226
20.112,2.3485,-2.7231
20.115,2.3502,-2.7231
20.117,2.3495,-2.7236
20.119,2.3468,-2.7229
20.121,2.3434,-2.7215
20.123,2.342,-2.7198
20.125,2.3427,-2.7182
20.127,2.3457,-2.7177
20.129,2.3478,-2.7187
20.131,2.3485,-2.7192
20.133,2.3474,-2.7199
20.135,2.3468,-2.7199
20.137,2.3463,-2.7192
20.14,2.3461,-2.7187
20.142,2.3461,-2.718
20.144,2.346,-2.7177
20.146,2.3466,-2.7188
20.148,2.3485,-2.7203
20.15,2.3512,-2.7219
20.152,2.354,-2.7238
20.154,2.3559,-2.7231
20.156,2.3565,-2.7209
20.158,2.3564,-2.718
20.16,2.3562,-2.7171
20.163,2.3562,-2.718
20.165,2.3562,-2.7209
20.167,2.3562,-2.7234
20.169,2.3562,-2.7234
20.171,2.3562,-2.7209
20.173,2.3562,-2.7187
20.175,2.3562,-2.7168
20.177,2.3562,-2.7152
20.179,2.3562,-2.7168
20.181,2.3562,-2.7187
20.183,2.3562,-2.7209
20.185,2.3562,-2.7231
20.188,2.3558,-2.7236
20.19,2.3565,-2.722
20.192,2.3579,-2.7206
20.194,2.3596,-2.7201
20.196,2.3615,-2.7206
20.198,2.3615,-2.722
20.2,2.3596,-2.7233
20.202,2.3579,-2.7233
20.204,2.356,-2.722
20.206,2.356,-2.7209
20.208,2.3578,-2.72
20.21,2.3595,-2.7187
20.212,2.3616,-2.7202
20.215,2.3636,-2.7226
20.217,2.3637,-2.7253
20.219,2.364,-2.7292
20.221,2.3638,-2.7282
20.223,2.3649,-2.7231
20.225,2.3671,-2.7176
20.227,2.3697,-2.7141
20.229,2.3716,-2.7134
20.231,2.3715,-2.7165
20.233,2.3697,-2.7184
20.235,2.3682,-2.7185
20.237,2.3658,-2.7164
20.24,2.364,-2.7142
20.242,2.3622,-2.7123
20.244,2.3601,-2.7111
20.246,2.3574,-2.7113
20.248,2.3593,-2.7115
20.25,2.3594,-2.7121
20.252,2.3313,-2.7111
20.254,2.2874,-2.7092
20.256,2.2424,-2.707
20.258,2.2081,-2.7045
20.26,2.1987,-2.7045
20.262,2.2079,-2.707
20.265,2.2079,-2.7092
20.267,2.2009,-2.7118
20.269,2.2114,-2.7118
20.271,2.2324,-2.7092
20.273,2.2568,-2.707
20.275,2.2778,-2.704
20.277,2.2882,-2.7047
20.279,2.2812,-2.7087
20.281,2.2812,-2.7126
20.283,2.2874,-2.717
20.285,2.2843,-2.717
20.288,2.2579,-2.7126
20.29,2.2165,-2.7087
20.292,2.1707,-2.705
20.294,2.1349,-2.7038
20.296,2.1236,-2.7059
20.298,2.125,-2.707
20.3,2.1213,-2.7084
20.302,2.1167,-2.7082
20.304,2.1112,-2.7065
20.306,2.1059,-2.7048
20.308,2.1053,-2.7029
20.31,2.1096,-2.7029
20.312,2.1139,-2.7048
20.315,2.1153,-2.7065
20.317,2.1139,-2.7079
20.319,2.1096,-2.7086
20.321,2.1063,-2.7081
20.323,2.1055,-2.7081
20.325,2.1079,-2.7075
20.327,2.1096,-2.7084
20.329,2.111,-2.7103
20.331,2.1117,-2.7126
20.333,2.1112,-2.7151
20.335,2.1112,-2.7151
20.337,2.1112,-2.7126
20.34,2.1112,-2.7103
20.342,2.1112,-2.7078
20.344,2.1112,-2.7078
20.346,2.1122,-2.7103
20.348,2.1108,-2.7126
20.35,2.1079,-2.7151
20.352,2.1046,-2.7151
20.354,2.1008,-2.7126
20.356,2.1008,-2.7103
20.358,2.1055,-2.7084
20.36,2.1074,-2.7075
20.362,2.1074,-2.7081
20.365,2.106,-2.7081
20.367,2.1015,-2.7081
20.369,2.0986,-2.7081
20.371,2.0979,-2.7081
20.373,2.096,-2.7081
20.375,2.096,-2.7081
20.377,2.0979,-2.7076
20.379,2.1001,-2.7084
20.381,2.1008,-2.7098
20.383,2.1001,-2.7115
20.385,2.0979,-2.713
20.387,2.096,-2.7135
20.39,2.096,-2.7126
20.392,2.0979,-2.7119
20.394,2.0996,-2.7116
20.396,2.101,-2.7119
20.398,2.1017,-2.7126
20.4,2.1012,-2.7132
20.402,2.1012,-2.7132
20.404,2.1008,-2.7126
20.406,2.1015,-2.712
20.408,2.1029,-2.7115
20.41,2.1046,-2.7107
20.413,2.1065,-2.7118
20.415,2.1079,-2.7137
20.417,2.1039,-2.7159
20.419,2.0979,-2.718
20.421,2.0907,-2.7187
20.423,2.0877,-2.7176
20.425,2.0864,-2.7169
20.427,2.0894,-2.7166
20.429,2.0917,-2.7169
20.431,2.0928,-2.7176
20.433,2.0923,-2.7182
20.435,2.0932,-2.7182
20.438,2.0911,-2.7176
20.44,2.0911,-2.717
20.442,2.0924,-2.7165
20.444,2.0935,-2.7163
20.446,2.0944,-2.7165
20.448,2.0952,-2.7165
20.45,2.0944,-2.7168
20.452,2.0935,-2.7163
20.454,2.0924,-2.7153
20.456,2.0914,-2.7142
20.458,2.0914,-2.713
20.46,2.091,-2.713
20.462,2.0896,-2.7142
20.465,2.0879,-2.7153
20.467,2.0865,-2.7166
20.469,2.0858,-2.7166
20.471,2.0862,-2.7153
20.473,2.0862,-2.7142
20.475,2.0862,-2.713
20.477,2.0862,-2.7128
20.479,2.0862,-2.7143
20.481,2.0862,-2.7159
20.483,2.0862,-2.7174
20.485,2.0862,-2.7184
20.487,2.0862,-2.7183
20.49,2.0862,-2.7181
20.492,2.0862,-2.718
20.494,2.0862,-2.7182
20.496,2.0862,-2.7187
20.498,2.0862,-2.7192
20.5,2.0862,-2.7199
20.502,2.0862,-2.7199
20.504,2.0862,-2.7192
20.506,2.0862,-2.7187
20.508,2.0858,-2.718
20.51,2.0865,-2.718
20.512,2.0879,-2.7187
20.515,2.0901,-2.7192
20.517,2.0908,-2.7199
20.519,2.0901,-2.72
20.521,2.0871,-2.7192
20.523,2.0869,-2.7181
20.525,2.0886,-2.7169
20.527,2.0918,-2.7165
20.529,2.095,-2.7169
20.531,2.095,-2.7176
20.533,2.0918,-2.7182
20.535,2.089,-2.7182
20.538,2.0859,-2.7176
20.54,2.0866,-2.717
20.542,2.0882,-2.7165
20.544,2.0893,-2.7163
20.546,2.0903,-2.7165
20.548,2.0917,-2.7165
20.55,2.0897,-2.7168
20.552,2.0884,-2.7163
20.554,2.0836,-2.7153
20.556,2.0822,-2.7142
20.558,2.0836,-2.7125
20.56,2.0879,-2.7132
20.562,2.0912,-2.7159
20.565,2.092,-2.7187
20.567,2.0896,-2.7219
20.569,2.0879,-2.7219
20.571,2.086,-2.7187
20.573,2.0865,-2.7159
20.575,2.0877,-2.7127
20.577,2.0879,-2.7127
20.579,2.0877,-2.7159
20.581,2.087,-2.7187
20.583,2.0858,-2.7214
20.585,2.0862,-2.7221
20.587,2.0862,-2.7203
20.59,2.0862,-2.7192
20.592,2.0862,-2.7183
20.594,2.0862,-2.7178
20.596,2.0867,-2.7181
20.598,2.086,-2.7181
20.6,2.0846,-2.7181
20.602,2.0829,-2.7181
20.604,2.0815,-2.7181
20.606,2.0808,-2.7181
20.608,2.0812,-2.7181
20.61,2.0812,-2.7172
20.612,2.0812,-2.7186
20.615,2.0817,-2.7215
20.617,2.081,-2.7248
20.619,2.0796,-2.7284
20.621,2.0774,-2.7287
20.623,2.0772,-2.7253
20.625,2.0772,-2.7218
20.627,2.0779,-2.7206
20.629,2.0777,-2.7218
20.631,2.077,-2.7253
20.633,2.0758,-2.7285
20.635,2.0762,-2.7285
20.637,2.0762,-2.7253
20.64,2.0762,-2.7226
20.642,2.0762,-2.7202
20.644,2.0762,-2.7182
20.646,2.0762,-2.7202
20.648,2.0762,-2.7226
20.65,2.0762,-2.7253
20.652,2.0762,-2.7287
20.654,2.0758,-2.7284
20.656,2.0765,-2.7248
20.658,2.0779,-2.7205
20.66,2.0796,-2.7191
20.663,2.0815,-2.7205
20.665,2.0815,-2.7248
20.667,2.0796,-2.7286
20.669,2.0779,-2.7286
20.671,2.076,-2.7248
20.673,2.076,-2.7215
20.675,2.0779,-2.7186
20.677,2.0796,-2.7162
20.679,2.0815,-2.7186
20.681,2.082,-2.7215
20.683,2.0793,-2.7248
20.685,2.0762,-2.7281
20.688,2.0727,-2.7288
20.69,2.0712,-2.7265
20.692,2.0724,-2.7243
20.694,2.0746,-2.7236
20.696,2.076,-2.7243
20.698,2.0767,-2.7265
20.7,2.0762,-2.7284
20.702,2.0762,-2.7284
20.704,2.0762,-2.7265
20.706,2.0762,-2.7248
20.708,2.0762,-2.7234
20.71,2.0762,-2.7217
20.712,2.0762,-2.7236
20.715,2.0762,-2.7265
20.717,2.0762,-2.7298
20.719,2.0762,-2.7336
20.721,2.0762,-2.7336
20.723,2.0762,-2.7298
20.725,2.0758,-2.7255
20.727,2.0765,-2.7241
20.729,2.0789,-2.7255
20.731,2.0791,-2.7298
20.733,2.0777,-2.7336
20.735,2.0751,-2.7336
20.737,2.0708,-2.7298
20.74,2.0708,-2.7265
20.742,2.0746,-2.7236
20.744,2.0779,-2.7217
20.746,2.0808,-2.7234
20.748,2.0832,-2.7248
20.75,2.0808,-2.7265
20.752,2.0779,-2.7284
20.754,2.0738,-2.7284
20.756,2.0729,-2.7265
20.758,2.0727,-2.7243
20.76,2.074,-2.7236
20.762,2.0736,-2.7243
20.765,2.0724,-2.7265
20.767,2.0705,-2.7284
20.769,2.0712,-2.7284
20.771,2.0712,-2.7265
20.773,2.0712,-2.7248
20.775,2.0712,-2.7234
20.777,2.0712,-2.7226
20.779,2.0712,-2.7231
20.781,2.0712,-2.7231
20.783,2.0712,-2.7231
20.785,2.0712,-2.7236
20.788,2.0712,-2.7229
20.79,2.0712,-2.7215
20.792,2.0712,-2.7193
20.794,2.0712,-2.7186
20.796,2.0712,-2.7193
20.798,2.0712,-2.7215
20.8,2.0712,-2.7234
20.802,2.0712,-2.7234
20.804,2.0712,-2.7215
20.806,2.0712,-2.7198
20.808,2.0712,-2.7184
20.81,2.0712,-2.7176
20.812,2.0712,-2.7181
20.815,2.0712,-2.7181
20.817,2.0712,-2.7181
20.819,2.0712,-2.7181
20.821,2.0712,-2.7181
20.823,2.0712,-2.7181
20.825,2.0712,-2.7181
20.827,2.0712,-2.7181
20.829,2.0717,-2.7181
20.831,2.071,-2.7181
20.833,2.0696,-2.7181
20.835,2.0679,-2.7181
20.837,2.066,-2.7181
20.84,2.066,-2.7181
20.842,2.0679,-2.7181
20.844,2.0696,-2.7181
20.846,2.0715,-2.7181
20.848,2.0715,-2.7181
20.85,2.0696,-2.7181
20.852,2.0679,-2.7181
20.854,2.066,-2.7181
20.856,2.066,-2.7181
20.858,2.0679,-2.7181
20.86,2.0696,-2.7181
20.862,2.072,-2.7181
20.865,2.0712,-2.7181
20.867,2.0679,-2.7181
20.869,2.0646,-2.7181
20.871,2.0608,-2.7181
20.873,2.0608,-2.7181
20.875,2.0646,-2.7181
20.877,2.0679,-2.7181
20.879,2.0717,-2.7181
20.881,2.0717,-2.7181
20.883,2.0679,-2.7186
20.885,2.0646,-2.7179
20.887,2.0612,-2.7165
20.89,2.0605,-2.7148
20.892,2.0629,-2.7129
20.894,2.0646,-2.7129
20.896,2.0665,-2.7148
20.898,2.0665,-2.7165
20.9,2.0646,-2.7184
20.902,2.0629,-2.7184
20.904,2.061,-2.7165
20.906,2.061,-2.7148
20.908,2.0629,-2.7129
20.91,2.0646,-2.7129
20.913,2.0665,-2.7148
20.915,2.0665,-2.7165
20.917,2.0646,-2.7188
20.919,2.0629,-2.7181
20.921,2.0605,-2.7148
20.923,2.0612,-2.7115
20.925,2.0646,-2.7083
20.927,2.0679,-2.7073
20.929,2.0717,-2.7092
20.931,2.0717,-2.7103
20.933,2.0679,-2.7116
20.935,2.0646,-2.7116
20.938,2.0617,-2.7103
20.94,2.0598,-2.7092
20.942,2.0613,-2.708
20.944,2.063,-2.7078
20.946,2.0653,-2.7093
20.948,2.067,-2.7109
20.95,2.0678,-2.7124
20.952,2.067,-2.714
20.954,2.0662,-2.713
20.956,2.0662,-2.7109
20.958,2.0668,-2.708
20.96,2.0674,-2.7071
20.962,2.0678,-2.708
20.965,2.0682,-2.7109
20.967,2.068,-2.7134
20.969,2.0673,-2.7134
20.971,2.0663,-2.7109
20.973,2.0655,-2.7087
20.975,2.0643,-2.7068
20.977,2.0633,-2.7057
20.979,2.0628,-2.7065
20.981,2.0612,-2.707
20.983,2.0593,-2.7076
20.985,2.0579,-2.7082
20.987,2.056,-2.7082
20.99,2.0557,-2.7076
20.992,2.0581,-2.7069
20.994,2.0607,-2.7066
20.996,2.0632,-2.7069
20.998,2.0657,-2.7076
21,2.0645,-2.7082
21.002,2.0618,-2.7082
21.004,2.0581,-2.7076
21.006,2.0571,-2.707
21.008,2.0588,-2.7065
21.01,2.0629,-2.7063
21.012,2.0662,-2.7065
21.015,2.067,-2.7065
21.017,2.0646,-2.7068
21.019,2.0629,-2.7063
21.021,2.0615,-2.7053
21.023,2.0603,-2.7042
21.025,2.061,-2.7028
21.027,2.0632,-2.703
21.029,2.0662,-2.7048
21.031,2.0693,-2.7065
21.033,2.072,-2.7084
21.035,2.0715,-2.7084
21.038,2.0691,-2.7065
21.04,2.0682,-2.7048
21.042,2.0682,-2.7029
21.044,2.0691,-2.7029
21.046,2.0715,-2.7048
21.048,2.0715,-2.7065
21.05,2.0696,-2.7084
21.052,2.0679,-2.7084
21.054,2.066,-2.7065
21.056,2.0665,-2.7048
21.058,2.0677,-2.703
21.06,2.0681,-2.7028
21.062,2.0674,-2.7042
21.065,2.0665,-2.7053
21.067,2.0652,-2.7066
21.069,2.0658,-2.7066
21.071,2.066,-2.7053
21.073,2.0664,-2.7042
21.075,2.0662,-2.703
21.077,2.0662,-2.703
21.079,2.0662,-2.7042
21.081,2.0662,-2.7053
21.083,2.0662,-2.7066
21.085,2.0662,-2.7066
21.087,2.0662,-2.7053
21.09,2.0662,-2.7042
21.092,2.0663,-2.7026
21.094,2.0663,-2.7031
21.096,2.0658,-2.7053
21.098,2.0665,-2.7076
21.1,2.0682,-2.7101
21.102,2.0694,-2.7101
21.104,2.0696,-2.7076
21.106,2.0697,-2.7053
21.108,2.0692,-2.7028
21.11,2.0698,-2.7028
21.112,2.0714,-2.7053
21.115,2.0714,-2.7076
21.117,2.0701,-2.7101
21.119,2.069,-2.7101
21.121,2.0681,-2.7076
21.123,2.0673,-2.7053
21.125,2.0681,-2.7031
21.127,2.0693,-2.7026
21.129,2.07,-2.7042
21.131,2.0701,-2.7053
21.133,2.0693,-2.7066
21.135,2.0675,-2.7066
21.137,2.066,-2.7053
21.14,2.0666,-2.7042
21.142,2.0678,-2.703
21.144,2.0696,-2.703
21.146,2.071,-2.7042
21.148,2.0717,-2.7053
21.15,2.0712,-2.7066
21.152,2.0712,-2.7066
21.154,2.0712,-2.7053
21.156,2.0712,-2.7042
21.158,2.0712,-2.7028
21.16,2.0712,-2.703
21.163,2.0712,-2.7048
21.165,2.0712,-2.7065
21.167,2.0712,-2.7084
21.169,2.0712,-2.7084
21.171,2.0712,-2.7065
21.173,2.0712,-2.7048
21.175,2.0714,-2.7029
21.177,2.0712,-2.7029
21.179,2.071,-2.7048
21.181,2.07,-2.7065
21.183,2.0686,-2.7084
21.185,2.0672,-2.7084
21.188,2.0661,-2.7065
21.19,2.0661,-2.7048
21.192,2.0674,-2.703
21.194,2.0688,-2.7028
21.196,2.0693,-2.7042
21.198,2.0693,-2.7053
21.2,2.0671,-2.7066
21.202,2.0647,-2.7066
21.204,2.0626,-2.7053
21.206,2.0615,-2.7042
21.208,2.0608,-2.703
21.21,2.0613,-2.703
21.212,2.0613,-2.7042
21.215,2.0613,-2.7053
21.217,2.0613,-2.7066
21.219,2.0613,-2.7066
21.221,2.0612,-2.7053
21.223,2.0612,-2.7042
21.225,2.0612,-2.7031
21.227,2.0622,-2.7029
21.229,2.0608,-2.7037
21.231,2.0579,-2.7042
21.233,2.0546,-2.7049
21.235,2.0517,-2.7049
21.237,2.0503,-2.7042
21.24,2.0512,-2.7037
21.242,2.0508,-2.703
21.244,2.0515,-2.703
21.246,2.0529,-2.7037
21.248,2.0546,-2.7042
21.25,2.056,-2.7053
21.252,2.0567,-2.7046
21.254,2.0562,-2.7026
21.256,2.0562,-2.7003
21.258,2.0562,-2.6978
21.26,2.0562,-2.6978
21.262,2.0562,-2.7003
21.265,2.0562,-2.7026
21.267,2.0562,-2.7051
21.269,2.0562,-2.7051
21.271,2.0562,-2.7026
21.273,2.0562,-2.7003
21.275,2.0567,-2.6978
21.277,2.056,-2.6978
21.279,2.0546,-2.7003
21.281,2.0529,-2.7026
21.283,2.0515,-2.7051
21.285,2.0508,-2.7053
21.288,2.0512,-2.7025
21.29,2.0512,-2.6998
21.292,2.0512,-2.6972
21.294,2.0512,-2.696
21.296,2.0512,-2.6969
21.298,2.0512,-2.6976
21.3,2.0512,-2.6982
21.302,2.0512,-2.6982
21.304,2.0512,-2.6976
21.306,2.0512,-2.697
21.308,2.0512,-2.6965
21.31,2.0512,-2.6961
21.312,2.0512,-2.6965
21.315,2.0512,-2.697
21.317,2.0512,-2.6976
21.319,2.0512,-2.698
21.321,2.0512,-2.6983
21.323,2.0512,-2.6981
21.325,2.0508,-2.6981
21.327,2.0515,-2.6981
21.329,2.0529,-2.6981
21.331,2.0546,-2.6981
21.333,2.056,-2.6981
21.335,2.0567,-2.6981
21.337,2.0562,-2.6981
21.34,2.0562,-2.6981
21.342,2.0562,-2.6981
21.344,2.0562,-2.6981
21.346,2.0562,-2.6981
21.348,2.0562,-2.6981
21.35,2.0562,-2.6981
21.352,2.0562,-2.6981
21.354,2.0562,-2.6981
21.356,2.0562,-2.6981
21.358,2.0562,-2.698
21.36,2.0562,-2.6982
21.362,2.0567,-2.6987
21.365,2.056,-2.6992
21.367,2.0546,-2.6999
21.369,2.0529,-2.6999
21.371,2.0515,-2.6992
21.373,2.0508,-2.6987
21.375,2.0512,-2.698
21.377,2.0512,-2.698
21.379,2.0512,-2.6987
21.381,2.0512,-2.6992
21.383,2.0512,-2.6999
21.385,2.0512,-2.7
21.387,2.0512,-2.6992
21.39,2.0512,-2.6981
21.392,2.0508,-2.6969
21.394,2.0515,-2.6965
21.396,2.0529,-2.6969
21.398,2.0551,-2.6976
21.4,2.0558,-2.6982
21.402,2.0551,-2.6982
21.404,2.0524,-2.6976
21.406,2.0517,-2.697
21.408,2.0524,-2.6965
21.41,2.0546,-2.6961
21.413,2.0565,-2.6965
21.415,2.0565,-2.697
21.417,2.0546,-2.6976
21.419,2.0529,-2.6982
21.421,2.051,-2.6982
21.423,2.0515,-2.6976
21.425,2.0527,-2.6969
21.427,2.0529,-2.6966
21.429,2.0536,-2.6969
21.431,2.0515,-2.6976
21.433,2.0474,-2.6982
21.435,2.0446,-2.6982
21.438,2.0408,-2.6976
21.44,2.0408,-2.697
21.442,2.0446,-2.6965
21.444,2.0479,-2.6963
21.446,2.0512,-2.6965
21.448,2.052,-2.6965
21.45,2.0496,-2.6968
21.452,2.0479,-2.6965
21.454,2.046,-2.6953
21.456,2.046,-2.6937
21.458,2.0479,-2.692
21.46,2.0496,-2.6913
21.462,2.0515,-2.6919
21.465,2.0515,-2.6926
21.467,2.0496,-2.6932
21.469,2.0479,-2.6932
21.471,2.0465,-2.6926
21.473,2.0458,-2.692
21.475,2.0459,-2.6915
21.477,2.0464,-2.6911
21.479,2.0477,-2.6915
21.481,2.0488,-2.692
21.483,2.0481,-2.6926
21.485,2.046,-2.694
21.487,2.0431,-2.6928
21.49,2.0412,-2.6898
21.492,2.0408,-2.6855
21.494,2.0413,-2.6841
21.496,2.0413,-2.6855
21.498,2.0412,-2.6898
21.5,2.0412,-2.6936
21.502,2.0412,-2.6936
21.504,2.0412,-2.6898
21.506,2.0412,-2.6865
21.508,2.0413,-2.6836
21.51,2.0413,-2.6812
21.512,2.0413,-2.6836
21.515,2.0412,-2.6865
21.517,2.0412,-2.6898
21.519,2.0412,-2.6928
21.521,2.0403,-2.694
21.523,2.0417,-2.6926
21.525,2.0446,-2.6919
21.527,2.0479,-2.6916
21.529,2.0517,-2.6919
21.531,2.0517,-2.6926
21.533,2.0479,-2.6932
21.535,2.0446,-2.6932
21.538,2.0408,-2.6926
21.54,2.0408,-2.692
21.542,2.0446,-2.6915
21.544,2.0479,-2.6911
21.546,2.0517,-2.6915
21.548,2.0517,-2.692
21.55,2.0484,-2.6926
21.552,2.0443,-2.6935
21.554,2.0396,-2.693
21.556,2.0372,-2.6915
21.558,2.0386,-2.6893
21.56,2.0389,-2.6886
21.562,2.0398,-2.6893
21.565,2.0382,-2.6915
21.567,2.0348,-2.6934
21.569,2.0324,-2.6934
21.571,2.031,-2.6915
21.573,2.0315,-2.6898
21.575,2.0327,-2.6884
21.577,2.0324,-2.6876
21.579,2.0329,-2.6881
21.581,2.0336,-2.6881
21.583,2.0346,-2.6881
21.585,2.0358,-2.6883
21.587,2.0351,-2.688
21.59,2.0324,-2.6876
21.592,2.0317,-2.6869
21.594,2.0324,-2.6866
21.596,2.0351,-2.6869
21.598,2.0358,-2.6876
21.6,2.0351,-2.6882
21.602,2.0329,-2.6882
21.604,2.031,-2.6876
21.606,2.031,-2.687
21.608,2.0334,-2.6865
21.61,2.0343,-2.6861
21.612,2.0343,-2.6865
21.615,2.0334,-2.687
21.617,2.0315,-2.6876
21.619,2.0308,-2.6882
21.621,2.0312,-2.6882
21.623,2.0314,-2.6876
21.625,2.031,-2.6869
21.627,2.0308,-2.6866
21.629,2.0309,-2.6869
21.631,2.0307,-2.6876
21.633,2.0305,-2.6882
21.635,2.0303,-2.6882
21.637,2.0295,-2.6876
21.64,2.0295,-2.687
21.642,2.0301,-2.6865
21.644,2.0307,-2.6861
21.646,2.0312,-2.6865
21.648,2.0314,-2.687
21.65,2.0312,-2.6876
21.652,2.0312,-2.6882
21.654,2.0308,-2.6882
21.656,2.032,-2.6876
21.658,2.0327,-2.6869
21.66,2.0324,-2.6866
21.662,2.0334,-2.6869
21.665,2.0334,-2.6876
21.667,2.0324,-2.6882
21.669,2.0327,-2.6882
21.671,2.0315,-2.6876
21.673,2.031,-2.687
21.675,2.0329,-2.6865
21.677,2.0346,-2.6861
21.679,2.036,-2.6865
21.681,2.0372,-2.687
21.683,2.036,-2.6876
21.685,2.0346,-2.6887
21.688,2.0324,-2.688
21.69,2.0317,-2.6859
21.692,2.0329,-2.683
21.694,2.0343,-2.6821
21.696,2.0348,-2.683
21.698,2.0332,-2.6859
21.7,2.0298,-2.6884
21.702,2.0274,-2.6884
21.704,2.026,-2.6859
21.706,2.026,-2.6837
21.708,2.0284,-2.6818
21.71,2.0284,-2.6802
21.712,2.0298,-2.6818
21.715,2.0327,-2.6837
21.717,2.0327,-2.6859
21.719,2.032,-2.6881
21.721,2.0299,-2.6886
21.723,2.027,-2.687
21.725,2.0275,-2.6856
21.727,2.0307,-2.6851
21.729,2.0328,-2.6856
21.731,2.0335,-2.687
21.733,2.0324,-2.6883
21.735,2.0318,-2.6883
21.737,2.0312,-2.687
21.74,2.0312,-2.6859
21.742,2.032,-2.685
21.744,2.0321,-2.6845
21.746,2.0324,-2.6848
21.748,2.0327,-2.6848
21.75,2.0324,-2.685
21.752,2.0321,-2.685
21.754,2.0315,-2.6841
21.756,2.0316,-2.6826
21.758,2.0323,-2.6807
21.76,2.0348,-2.68
21.762,2.0382,-2.6806
21.765,2.0398,-2.682
21.767,2.0393,-2.6833
21.769,2.0384,-2.6833
21.771,2.036,-2.682
21.773,2.036,-2.6809
21.775,2.0379,-2.68
21.777,2.0396,-2.6787
21.779,2.041,-2.6802
21.781,2.0417,-2.6826
21.783,2.0412,-2.6853
21.785,2.0412,-2.6882
21.787,2.0412,-2.6887
21.79,2.0412,-2.6865
21.792,2.0412,-2.6843
21.794,2.0408,-2.6836
21.796,2.042,-2.6843
21.798,2.0427,-2.6865
21.8,2.0429,-2.6884
21.802,2.0427,-2.6884
21.804,2.0415,-2.6865
21.806,2.041,-2.6848
21.808,2.0429,-2.6834
21.81,2.0446,-2.6822
21.812,2.046,-2.6834
21.815,2.0467,-2.6848
21.817,2.0469,-2.6865
21.819,2.0459,-2.6884
21.821,2.044,-2.6884
21.823,2.0412,-2.6865
21.825,2.0407,-2.6843
21.827,2.0409,-2.6836
21.829,2.0424,-2.6843
21.831,2.0426,-2.6865
21.833,2.0421,-2.6884
21.835,2.0408,-2.6884
21.837,2.0408,-2.6865
21.84,2.0415,-2.6848
21.842,2.0429,-2.6834
21.844,2.0446,-2.6822
21.846,2.046,-2.6834
21.848,2.0467,-2.6848
21.85,2.0462,-2.6865
21.852,2.0462,-2.6884
21.854,2.0462,-2.6884
21.856,2.0462,-2.6865
21.858,2.0462,-2.6843
21.86,2.0467,-2.6836
21.862,2.046,-2.6843
21.865,2.0446,-2.6865
21.867,2.0429,-2.6884
21.869,2.0415,-2.6884
21.871,2.0408,-2.6865
21.873,2.0412,-2.6848
21.875,2.0412,-2.6834
21.877,2.0412,-2.6822
21.879,2.0412,-2.6834
21.881,2.0412,-2.6848
21.883,2.0412,-2.6865
21.885,2.0412,-2.6887
21.887,2.0412,-2.6882
21.89,2.0412,-2.6853
21.892,2.0412,-2.6818
21.894,2.0417,-2.6806
21.896,2.041,-2.6818
21.898,2.0396,-2.6853
21.9,2.0379,-2.6885
21.902,2.0365,-2.6885
21.904,2.0358,-2.6853
21.906,2.0362,-2.6826
21.908,2.0362,-2.6802
21.91,2.0353,-2.6782
21.912,2.0367,-2.6802
21.915,2.0405,-2.6826
21.917,2.0424,-2.6853
21.919,2.0424,-2.6885
21.921,2.0399,-2.6885
21.923,2.037,-2.6853
21.925,2.0375,-2.6818
21.927,2.0407,-2.6806
21.929,2.0428,-2.6818
21.931,2.0435,-2.6853
21.933,2.0424,-2.6885
21.935,2.0418,-2.6885
21.938,2.0412,-2.6853
21.94,2.0412,-2.6826
21.942,2.042,-2.6802
21.944,2.0421,-2.6787
21.946,2.0424,-2.68
21.948,2.0427,-2.6809
21.95,2.0424,-2.682
21.952,2.0421,-2.6834
21.954,2.042,-2.6832
21.956,2.0409,-2.6815
21.958,2.0413,-2.6793
21.96,2.0424,-2.6786
21.962,2.0453,-2.6793
21.965,2.0474,-2.6815
21.967,2.0484,-2.6834
21.969,2.0477,-2.6834
21.971,2.0465,-2.6815
21.973,2.046,-2.6798
21.975,2.0484,-2.6784
21.977,2.0493,-2.6767
21.979,2.0493,-2.6786
21.981,2.0484,-2.6815
21.983,2.047,-2.6848
21.985,2.0455,-2.6884
21.987,2.0446,-2.6887
21.99,2.0429,-2.6853
21.992,2.0415,-2.6818
21.994,2.0403,-2.6806
21.996,2.042,-2.6818
21.998,2.0427,-2.6853
22,2.0429,-2.6885
22.002,2.0427,-2.6885
22.004,2.0415,-2.6853
22.006,2.041,-2.6826
22.008,2.0429,-2.6802
22.01,2.0446,-2.6782
22.012,2.046,-2.6802
22.015,2.0467,-2.6826
22.017,2.0462,-2.6853
22.019,2.0463,-2.6882
22.021,2.0459,-2.6887
22.023,2.0464,-2.6865
22.025,2.0474,-2.6848
22.027,2.0485,-2.6834
22.029,2.0497,-2.6826
22.031,2.0497,-2.6831
22.033,2.0485,-2.6831
22.035,2.0474,-2.6831
22.037,2.0461,-2.6831
22.04,2.0464,-2.6831
22.042,2.0472,-2.6831
22.044,2.0474,-2.6831
22.046,2.0472,-2.6831
22.048,2.0467,-2.6831
22.05,2.0459,-2.6831
22.052,2.0462,-2.6826
22.054,2.0448,-2.6834
22.056,2.047,-2.6848
22.058,2.0512,-2.6865
22.06,2.0562,-2.6879
22.062,2.0615,-2.6886
22.065,2.0622,-2.6881
22.067,2.0579,-2.6881
22.069,2.0546,-2.6881
22.071,2.0508,-2.6881
22.073,2.0508,-2.6881
22.075,2.0546,-2.6881
22.077,2.0579,-2.6881
22.079,2.0612,-2.6881
22.081,2.062,-2.6881
22.083,2.0596,-2.6881
22.085,2.0579,-2.6886
22.087,2.056,-2.6879
22.09,2.056,-2.6865
22.092,2.0579,-2.6848
22.094,2.0596,-2.6834
22.096,2.0615,-2.6826
22.098,2.0615,-2.6831
22.1,2.0596,-2.6831
22.102,2.0579,-2.6831
22.104,2.056,-2.6831
22.106,2.056,-2.6831
22.108,2.0579,-2.6831
22.11,2.0596,-2.6831
22.112,2.0615,-2.6831
22.115,2.0615,-2.6831
22.117,2.0596,-2.6831
22.119,2.0579,-2.6831
22.121,2.056,-2.6831
22.123,2.056,-2.6831
22.125,2.0574,-2.6831
22.127,2.0598,-2.6831
22.129,2.0627,-2.6831
22.131,2.0651,-2.6831
22.133,2.066,-2.6831
22.135,2.0667,-2.6831
22.137,2.0662,-2.6831
22.14,2.0662,-2.6831
22.142,2.0662,-2.6831
22.144,2.0662,-2.6831
22.146,2.0662,-2.6831
22.148,2.0667,-2.6831
22.15,2.066,-2.6831
22.152,2.0646,-2.6833
22.154,2.0628,-2.683
22.156,2.0617,-2.6826
22.158,2.0613,-2.6814
22.16,2.0618,-2.6819
22.162,2.0622,-2.6835
22.165,2.0613,-2.6859
22.167,2.0594,-2.6884
22.169,2.0579,-2.6884
22.171,2.056,-2.6859
22.173,2.056,-2.6837
22.175,2.0579,-2.6818
22.177,2.0594,-2.6802
22.179,2.0611,-2.6818
22.181,2.0624,-2.6837
22.183,2.0623,-2.6859
22.185,2.0623,-2.6881
22.188,2.0616,-2.6886
22.19,2.0615,-2.687
22.192,2.062,-2.6856
22.194,2.0636,-2.6851
22.196,2.0651,-2.6856
22.198,2.0659,-2.687
22.2,2.0656,-2.6883
22.202,2.0653,-2.6883
22.204,2.0645,-2.687
22.206,2.0645,-2.6859
22.208,2.0653,-2.685
22.21,2.0656,-2.6845
22.212,2.0656,-2.6848
22.215,2.0656,-2.6848
22.217,2.0645,-2.685
22.219,2.0633,-2.6852
22.221,2.0619,-2.684
22.223,2.0612,-2.682
22.225,2.0628,-2.6794
22.227,2.0663,-2.6784
22.229,2.0698,-2.6793
22.231,2.0713,-2.6815
22.233,2.0701,-2.6834
22.235,2.0679,-2.6834
22.237,2.066,-2.6815
22.24,2.066,-2.6798
22.242,2.0679,-2.6784
22.244,2.0696,-2.6772
22.246,2.071,-2.6784
22.248,2.0722,-2.6798
22.25,2.071,-2.6815
22.252,2.0696,-2.6837
22.254,2.0679,-2.6832
22.256,2.0665,-2.6803
22.258,2.0651,-2.6768
22.26,2.0666,-2.6756
22.262,2.0686,-2.6768
22.265,2.0706,-2.6803
22.267,2.072,-2.6835
22.269,2.0724,-2.6835
22.271,2.0712,-2.6803
22.273,2.0709,-2.6776
22.275,2.072,-2.6752
22.277,2.0735,-2.6732
22.279,2.0751,-2.6752
22.281,2.0762,-2.6776
22.283,2.0766,-2.6803
22.285,2.0762,-2.6832
22.287,2.0762,-2.6837
22.29,2.0762,-2.6815
22.292,2.0763,-2.6788
22.294,2.0763,-2.6788
22.296,2.0767,-2.681
22.298,2.076,-2.6848
22.3,2.0746,-2.6886
22.302,2.0729,-2.6886
22.304,2.0715,-2.6848
22.306,2.0703,-2.6815
22.308,2.0715,-2.6786
22.31,2.0729,-2.6772
22.312,2.0741,-2.6781
22.315,2.0763,-2.6781
22.317,2.0784,-2.6781
22.319,2.0796,-2.6784
22.321,2.0805,-2.678
22.323,2.082,-2.677
22.325,2.0829,-2.6756
22.327,2.0846,-2.6751
22.329,2.0865,-2.6756
22.331,2.0865,-2.677
22.333,2.0846,-2.6783
22.335,2.0829,-2.6783
22.337,2.081,-2.677
22.34,2.081,-2.6759
22.342,2.0829,-2.675
22.344,2.0846,-2.6742
22.346,2.086,-2.675
22.348,2.0877,-2.6759
22.35,2.0858,-2.677
22.352,2.0829,-2.6783
22.354,2.0786,-2.6783
22.356,2.0772,-2.677
22.358,2.0786,-2.6756
22.36,2.0829,-2.6751
22.362,2.0858,-2.6756
22.365,2.0872,-2.677
22.367,2.0862,-2.6783
22.369,2.0862,-2.6783
22.371,2.0862,-2.677
22.373,2.0862,-2.6759
22.375,2.0861,-2.675
22.377,2.0863,-2.6742
22.379,2.0868,-2.675
22.381,2.0875,-2.6759
22.383,2.0878,-2.677
22.385,2.0875,-2.6791
22.387,2.0868,-2.6779
22.39,2.0863,-2.6742
22.392,2.0856,-2.6697
22.394,2.0865,-2.6673
22.396,2.0884,-2.6676
22.398,2.0893,-2.6709
22.4,2.0893,-2.6734
22.402,2.0884,-2.6734
22.404,2.086,-2.6709
22.406,2.0865,-2.6687
22.408,2.0877,-2.6668
22.41,2.0879,-2.6658
22.412,2.0877,-2.6665
22.415,2.0874,-2.6665
22.417,2.0855,-2.6668
22.419,2.0846,-2.6663
22.421,2.0828,-2.6653
22.423,2.0822,-2.6642
22.425,2.0805,-2.663
22.427,2.0804,-2.663
22.429,2.0805,-2.6642
22.431,2.0798,-2.6653
22.433,2.0787,-2.6666
22.435,2.0784,-2.6666
22.438,2.076,-2.6653
22.44,2.0759,-2.6642
22.442,2.0774,-2.663
22.444,2.0798,-2.6623
22.446,2.0823,-2.6646
22.448,2.0907,-2.6676
22.45,2.1024,-2.6707
22.452,2.1149,-2.6736
22.454,2.124,-2.6735
22.456,2.1284,-2.6715
22.458,2.1267,-2.6698
22.46,2.1262,-2.6684
22.462,2.1262,-2.6676
22.465,2.1262,-2.6681
22.467,2.1262,-2.6681
22.469,2.1262,-2.6681
22.471,2.1262,-2.6681
22.473,2.1262,-2.6681
22.475,2.1262,-2.6681
22.477,2.1262,-2.6681
22.479,2.1234,-2.6676
22.481,2.1258,-2.6674
22.483,2.1367,-2.67
22.485,2.1527,-2.6748
22.487,2.1701,-2.6807
22.49,2.1832,-2.6859
22.492,2.1862,-2.6882
22.494,2.1865,-2.6884
22.496,2.1867,-2.6888
22.498,2.1862,-2.6892
22.5,2.1862,-2.6897
22.502,2.1862,-2.69
22.504,2.1862,-2.6898
22.506,2.1858,-2.6898
22.508,2.1865,-2.6898
22.51,2.1874,-2.6896
22.512,2.1903,-2.6899
22.515,2.1924,-2.6903
22.517,2.1934,-2.6909
22.519,2.1922,-2.6915
22.521,2.1917,-2.6915
22.523,2.1927,-2.6909
22.525,2.1963,-2.6902
22.527,2.1993,-2.69
22.529,2.2015,-2.6902
22.531,2.2017,-2.6909
22.533,2.2012,-2.6915
22.535,2.2012,-2.6915
22.537,2.2011,-2.6909
22.54,2.201,-2.6903
22.542,2.202,-2.6899
22.544,2.2035,-2.6896
22.546,2.2054,-2.6896
22.548,2.2067,-2.6899
22.55,2.2053,-2.6903
22.552,2.2017,-2.6912
22.554,2.1979,-2.6912
22.556,2.1946,-2.6905
22.558,2.1946,-2.6889
22.56,2.1979,-2.6884
22.562,2.2017,-2.6889
22.565,2.205,-2.6903
22.567,2.2067,-2.6916
22.569,2.2066,-2.6916
22.571,2.2062,-2.6903
22.573,2.2062,-2.6892
22.575,2.2058,-2.6883
22.577,2.2065,-2.6878
22.579,2.2079,-2.6881
22.581,2.2096,-2.6881
22.583,2.211,-2.6881
22.585,2.2117,-2.6881
22.587,2.2111,-2.6881
22.59,2.211,-2.6881
22.592,2.212,-2.6881
22.594,2.2135,-2.6881
22.596,2.2151,-2.6881
22.598,2.2163,-2.6881
22.6,2.2166,-2.6881
22.602,2.2162,-2.6881
22.604,2.2158,-2.6881
22.606,2.2165,-2.6881
22.608,2.2179,-2.6881
22.61,2.2196,-2.6876
22.612,2.222,-2.6884
22.615,2.2212,-2.6898
22.617,2.2179,-2.6915
22.619,2.2146,-2.693
22.621,2.2117,-2.6935
22.623,2.2103,-2.6926
22.625,2.2112,-2.6919
22.627,2.2112,-2.6916
22.629,2.2112,-2.6919
22.631,2.2112,-2.6926
22.633,2.2112,-2.6932
22.635,2.2112,-2.6932
22.637,2.2112,-2.6926
22.64,2.2108,-2.692
22.642,2.2115,-2.6915
22.644,2.2129,-2.6911
22.646,2.2151,-2.6915
22.648,2.2158,-2.692
22.65,2.2151,-2.6926
22.652,2.2129,-2.693
22.654,2.211,-2.6933
22.656,2.211,-2.6931
22.658,2.2129,-2.6931
22.66,2.2146,-2.6931
22.662,2.216,-2.6931
22.665,2.2167,-2.6931
22.667,2.2162,-2.6931
22.669,2.2162,-2.6931
22.671,2.2162,-2.6931
22.673,2.2153,-2.6931
22.675,2.2167,-2.6931
22.677,2.2196,-2.6931
22.679,2.2239,-2.6931
22.681,2.2253,-2.6931
22.683,2.2239,-2.6931
22.685,2.2196,-2.693
22.688,2.2158,-2.6932
22.69,2.2158,-2.6937
22.692,2.2196,-2.6939
22.694,2.2229,-2.6949
22.696,2.2258,-2.6961
22.698,2.2272,-2.697
22.7,2.2266,-2.6983
22.702,2.2261,-2.6983
22.704,2.2251,-2.697
22.706,2.224,-2.6959
22.708,2.2231,-2.695
22.71,2.2226,-2.6943
22.712,2.2236,-2.6949
22.715,2.2226,-2.6953
22.717,2.2207,-2.6959
22.719,2.2185,-2.6967
22.721,2.2159,-2.6965
22.723,2.2159,-2.6953
22.725,2.2185,-2.6942
22.727,2.2207,-2.6933
22.729,2.2226,-2.6928
22.731,2.2237,-2.6931
22.733,2.2228,-2.6931
22.735,2.2224,-2.6931
22.737,2.2218,-2.6931
22.74,2.2213,-2.6931
22.742,2.2211,-2.6931
22.744,2.2213,-2.6931
22.746,2.2213,-2.6931
22.748,2.2213,-2.6931
22.75,2.2213,-2.6931
22.752,2.2213,-2.6931
22.754,2.2212,-2.6931
22.756,2.2217,-2.6931
22.758,2.221,-2.6928
22.76,2.2196,-2.6933
22.762,2.2179,-2.6942
22.765,2.2165,-2.6953
22.767,2.2158,-2.6966
22.769,2.2162,-2.6966
22.771,2.2162,-2.6953
22.773,2.2162,-2.6942
22.775,2.2162,-2.6933
22.777,2.2162,-2.6928
22.779,2.2167,-2.6931
22.781,2.216,-2.6931
22.783,2.2146,-2.6931
22.785,2.2129,-2.6931
22.787,2.211,-2.6931
22.79,2.2105,-2.6931
22.792,2.2132,-2.6931
22.794,2.2163,-2.6931
22.796,2.2193,-2.6931
22.798,2.2224,-2.6931
22.8,2.2213,-2.6931
22.802,2.2179,-2.6931
22.804,2.2135,-2.6931
22.806,2.2123,-2.6931
22.808,2.2142,-2.6931
22.81,2.219,-2.6928
22.812,2.2225,-2.6933
22.815,2.2239,-2.6942
22.817,2.2224,-2.6953
22.819,2.2218,-2.6965
22.821,2.2213,-2.6967
22.823,2.2211,-2.6959
22.825,2.2212,-2.6952
22.827,2.2212,-2.695
22.829,2.2212,-2.6952
22.831,2.2212,-2.6959
22.833,2.2212,-2.6965
22.835,2.2212,-2.6965
22.837,2.2212,-2.6959
22.84,2.2212,-2.6953
22.842,2.2212,-2.6949
22.844,2.2212,-2.6943
22.846,2.2217,-2.695
22.848,2.221,-2.6959
22.85,2.2196,-2.697
22.852,2.2179,-2.6984
22.854,2.2165,-2.6982
22.856,2.2151,-2.6965
22.858,2.2166,-2.6948
22.86,2.2185,-2.6934
22.862,2.2207,-2.6926
22.865,2.2232,-2.6931
22.867,2.2232,-2.6931
22.869,2.2207,-2.6931
22.871,2.2178,-2.6931
22.873,2.2169,-2.6931
22.875,2.2178,-2.6931
22.877,2.2207,-2.6931
22.879,2.2228,-2.6931
22.881,2.2235,-2.6931
22.883,2.2224,-2.6931
22.885,2.2218,-2.6934
22.887,2.2213,-2.693
22.89,2.2209,-2.692
22.892,2.2213,-2.6906
22.894,2.2218,-2.6901
22.896,2.2224,-2.6906
22.898,2.223,-2.692
22.9,2.223,-2.6933
22.902,2.2224,-2.6933
22.904,2.2213,-2.692
22.906,2.2216,-2.6909
22.908,2.2228,-2.69
22.91,2.2246,-2.6892
22.912,2.226,-2.69
22.915,2.2267,-2.6909
22.917,2.2262,-2.692
22.919,2.2262,-2.693
22.921,2.2262,-2.6934
22.923,2.2262,-2.6931
22.925,2.2262,-2.6931
22.927,2.2262,-2.6931
22.929,2.2262,-2.6931
22.931,2.2262,-2.6931
22.933,2.2262,-2.6931
22.935,2.2262,-2.6931
22.938,2.2262,-2.6931
22.94,2.2262,-2.6931
22.942,2.2262,-2.6931
22.944,2.2262,-2.6926
22.946,2.2262,-2.6934
22.948,2.2267,-2.6948
22.95,2.2265,-2.6965
22.952,2.2243,-2.698
22.954,2.2212,-2.6985
22.956,2.2177,-2.6976
22.958,2.2162,-2.6969
22.96,2.2174,-2.6966
22.962,2.2196,-2.6969
22.965,2.2215,-2.6976
22.967,2.2215,-2.6982
22.969,2.2196,-2.6982
22.971,2.2184,-2.6976
22.973,2.2167,-2.697
22.975,2.2147,-2.6965
22.977,2.2109,-2.6957
22.979,2.2054,-2.6968
22.981,2.2038,-2.6987
22.983,2.2008,-2.7009
22.985,2.1878,-2.7031
22.987,2.1571,-2.7036
22.99,2.117,-2.702
22.992,2.0785,-2.7006
22.994,2.0524,-2.7001
22.996,2.0401,-2.7006
22.998,2.0339,-2.702
23,2.027,-2.7033
23.002,2.0228,-2.7033
23.004,2.0204,-2.702
23.006,2.0182,-2.7009
23.008,2.0178,-2.7
23.01,2.0181,-2.6995
23.012,2.0189,-2.6998
23.015,2.019,-2.6998
23.017,2.0189,-2.7003
23.019,2.0184,-2.6996
23.021,2.0168,-2.6981
23.023,2.0174,-2.6965
23.025,2.0212,-2.6944
23.027,2.0268,-2.6946
23.029,2.0325,-2.697
23.031,2.0366,-2.6992
23.033,2.0377,-2.7018
23.035,2.036,-2.7018
23.037,2.0346,-2.6992
23.04,2.0329,-2.697
23.042,2.0315,-2.6948
23.044,2.0308,-2.6943
23.046,2.0313,-2.6959
23.048,2.0313,-2.697
23.05,2.0313,-2.6984
23.052,2.0313,-2.6982
23.054,2.0313,-2.6965
23.056,2.0313,-2.6948
23.058,2.0312,-2.693
23.06,2.0312,-2.6928
23.062,2.0312,-2.6942
23.065,2.0312,-2.6953
23.067,2.0314,-2.6966
23.069,2.0312,-2.6966
23.071,2.0307,-2.6953
23.073,2.0301,-2.6942
23.075,2.0297,-2.693
23.077,2.0294,-2.693
23.079,2.0299,-2.6942
23.081,2.0294,-2.6953
23.083,2.0285,-2.6966
23.085,2.0274,-2.6968
23.087,2.0264,-2.6953
23.09,2.0264,-2.6937
23.092,2.0255,-2.692
23.094,2.0248,-2.6913
23.096,2.0246,-2.6919
23.098,2.0253,-2.6926
23.1,2.0253,-2.6932
23.102,2.0251,-2.6932
23.104,2.0224,-2.6926
23.106,2.0217,-2.692
23.108,2.0224,-2.6915
23.11,2.0246,-2.6913
23.112,2.0265,-2.6915
23.115,2.0265,-2.6915
23.117,2.0246,-2.6918
23.119,2.0229,-2.6913
23.121,2.021,-2.6903
23.123,2.021,-2.6892
23.125,2.0224,-2.688
23.127,2.0248,-2.688
23.129,2.0277,-2.6892
23.131,2.0305,-2.6903
23.133,2.0308,-2.6916
23.135,2.0301,-2.6916
23.137,2.0276,-2.6903
23.14,2.0266,-2.6892
23.142,2.0269,-2.688
23.144,2.0285,-2.688
23.146,2.0297,-2.6892
23.148,2.0297,-2.6903
23.15,2.0285,-2.6916
23.152,2.0274,-2.6921
23.154,2.0261,-2.6901
23.156,2.0269,-2.6876
23.158,2.027,-2.685
23.16,2.0257,-2.683
23.162,2.0239,-2.6826
23.165,2.0229,-2.6831
23.167,2.02,-2.6831
23.169,2.0179,-2.6831
23.171,2.0136,-2.6831
23.173,2.0122,-2.6831
23.175,2.0136,-2.6831
23.177,2.0179,-2.6831
23.179,2.0217,-2.6831
23.181,2.0217,-2.6831
23.183,2.0179,-2.683
23.185,2.0146,-2.683
23.188,2.0112,-2.6838
23.19,2.0105,-2.6848
23.192,2.0129,-2.6857
23.194,2.0146,-2.6866
23.196,2.016,-2.6872
23.198,2.0172,-2.6876
23.2,2.0163,-2.6882
23.202,2.0144,-2.6882
23.204,2.0115,-2.6876
23.206,2.0094,-2.687
23.208,2.0087,-2.6865
23.21,2.0098,-2.6861
23.212,2.0114,-2.6865
23.215,2.0114,-2.687
23.217,2.0101,-2.6874
23.219,2.009,-2.688
23.221,2.0081,-2.6889
23.223,2.0087,-2.6898
23.225,2.0063,-2.6907
23.227,2.0046,-2.6916
23.229,2.004,-2.6922
23.231,2.0062,-2.6926
23.233,2.0055,-2.6932
23.235,2.0035,-2.6932
23.237,1.9968,-2.6926
23.24,1.992,-2.692
23.242,1.9897,-2.6915
23.244,1.9913,-2.6913
23.246,1.9913,-2.6915
23.248,1.9913,-2.6915
23.25,1.9913,-2.6918
23.252,1.9913,-2.6913
23.254,1.9912,-2.6903
23.256,1.9917,-2.6892
23.258,1.991,-2.6883
23.26,1.9896,-2.6878
23.262,1.9879,-2.6881
23.265,1.9865,-2.6881
23.267,1.9858,-2.6881
23.269,1.9862,-2.6881
23.271,1.9862,-2.6881
23.273,1.9862,-2.6881
23.275,1.9862,-2.6881
23.277,1.9862,-2.6881
23.279,1.9862,-2.6881
23.281,1.9862,-2.6881
23.283,1.9862,-2.6881
23.285,1.9862,-2.6881
23.287,1.9862,-2.6881
23.29,1.9867,-2.6881
23.292,1.986,-2.688
23.294,1.9846,-2.6882
23.296,1.9829,-2.6887
23.298,1.9815,-2.6892
23.3,1.9808,-2.6899
23.302,1.9812,-2.6899
23.304,1.9812,-2.6892
23.306,1.9812,-2.6887
23.308,1.9812,-2.688
23.31,1.9812,-2.688
23.312,1.9817,-2.6887
23.315,1.981,-2.6892
23.317,1.9796,-2.6899
23.319,1.9779,-2.6899
23.321,1.976,-2.6892
23.323,1.976,-2.6887
23.325,1.9779,-2.6882
23.327,1.9796,-2.688
23.329,1.982,-2.6881
23.331,1.9812,-2.6881
23.333,1.9779,-2.6881
23.335,1.9746,-2.6881
23.337,1.9717,-2.6881
23.34,1.9703,-2.6881
23.342,1.9712,-2.6881
23.344,1.9712,-2.6881
23.346,1.9712,-2.6881
23.348,1.9712,-2.6881
23.35,1.9712,-2.6881
23.352,1.9712,-2.6883
23.354,1.9712,-2.688
23.356,1.9712,-2.6876
23.358,1.9712,-2.6869
23.36,1.9712,-2.6866
23.362,1.9713,-2.6869
23.365,1.9717,-2.6876
23.367,1.971,-2.6882
23.369,1.9696,-2.6882
23.371,1.9674,-2.6876
23.373,1.9667,-2.687
23.375,1.9674,-2.6865
23.377,1.9696,-2.6861
23.379,1.971,-2.6865
23.381,1.9722,-2.687
23.383,1.971,-2.6876
23.385,1.9696,-2.6887
23.387,1.9679,-2.688
23.39,1.9665,-2.6859
23.392,1.9658,-2.683
23.394,1.9662,-2.6821
23.396,1.9662,-2.683
23.398,1.9662,-2.6859
23.4,1.9662,-2.6884
23.402,1.9662,-2.6884
23.404,1.9662,-2.6859
23.406,1.9662,-2.6837
23.408,1.9662,-2.6818
23.41,1.9659,-2.6802
23.412,1.9662,-2.6818
23.415,1.9674,-2.6837
23.417,1.969,-2.6859
23.419,1.9705,-2.6881
23.421,1.9715,-2.6886
23.423,1.9714,-2.687
23.425,1.9712,-2.6856
23.427,1.9712,-2.6851
23.429,1.9712,-2.6856
23.431,1.9712,-2.687
23.433,1.9712,-2.6883
23.435,1.9712,-2.6883
23.438,1.9712,-2.687
23.44,1.9712,-2.6859
23.442,1.9713,-2.685
23.444,1.9713,-2.6842
23.446,1.9713,-2.685
23.448,1.9713,-2.6859
23.45,1.9713,-2.687
23.452,1.9713,-2.6881
23.454,1.9711,-2.6884
23.456,1.971,-2.6876
23.458,1.972,-2.6869
23.46,1.9735,-2.6866
23.462,1.9751,-2.6869
23.465,1.9763,-2.6876
23.467,1.9766,-2.6882
23.469,1.9762,-2.6882
23.471,1.9762,-2.6876
23.473,1.9758,-2.687
23.475,1.976,-2.6865
23.477,1.9782,-2.6863
23.479,1.9812,-2.6865
23.481,1.9843,-2.6865
23.483,1.9865,-2.6868
23.485,1.9869,-2.6866
23.487,1.9862,-2.6852
23.49,1.9857,-2.6831
23.492,1.9851,-2.6807
23.494,1.9847,-2.6798
23.496,1.9844,-2.6806
23.498,1.9849,-2.682
23.5,1.9844,-2.6833
23.502,1.9835,-2.6833
23.504,1.9824,-2.682
23.506,1.9814,-2.6809
23.508,1.9809,-2.68
23.51,1.9812,-2.6792
23.512,1.9812,-2.68
23.515,1.9812,-2.6809
23.517,1.9812,-2.682
23.519,1.9812,-2.683
23.521,1.9812,-2.6834
23.523,1.9812,-2.6831
23.525,1.9812,-2.6831
23.527,1.9812,-2.6831
23.529,1.9812,-2.6831
23.531,1.9812,-2.6831
23.533,1.9812,-2.6831
23.535,1.9812,-2.6831
23.537,1.9809,-2.6831
23.54,1.9814,-2.6831
23.542,1.9817,-2.6831
23.544,1.9838,-2.6831
23.546,1.9866,-2.6831
23.548,1.9893,-2.6831
23.55,1.9909,-2.6831
23.552,1.9919,-2.6831
23.554,1.9912,-2.6831
23.556,1.9908,-2.6831
23.558,1.9915,-2.6831
23.56,1.9929,-2.6831
23.562,1.9951,-2.6831
23.565,1.9958,-2.6831
23.567,1.9951,-2.6831
23.569,1.9929,-2.6841
23.571,1.991,-2.6826
23.573,1.9905,-2.6798
23.575,1.9928,-2.6765
23.577,1.9962,-2.6736
23.579,1.9986,-2.6722
23.581,2.002,-2.6734
23.583,2.0111,-2.6738
23.585,2.0325,-2.6716
23.587,2.0588,-2.6681
23.59,2.0821,-2.6644
23.592,2.0945,-2.6607
23.594,2.0961,-2.6611
23.596,2.0929,-2.6642
23.598,2.0916,-2.667
23.6,2.0936,-2.6702
23.602,2.0974,-2.6702
23.604,2.1018,-2.667
23.606,2.1056,-2.6642
23.608,2.1075,-2.6612
23.61,2.1058,-2.661
23.612,2.1065,-2.6637
23.615,2.1079,-2.6659
23.617,2.1091,-2.6692
23.619,2.1108,-2.668
23.621,2.1136,-2.6631
23.623,2.1162,-2.6581
23.625,2.1193,-2.6538
23.627,2.1215,-2.6517
23.629,2.1217,-2.6531
23.631,2.1217,-2.6531
23.633,2.121,-2.6531
23.635,2.1196,-2.6531
23.637,2.1174,-2.6531
23.64,2.1172,-2.6531
23.642,2.1172,-2.6531
23.644,2.1179,-2.6531
23.646,2.1177,-2.6531
23.648,2.117,-2.6531
23.65,2.1158,-2.6531
23.652,2.1162,-2.6534
23.654,2.1162,-2.653
23.656,2.1158,-2.652
23.658,2.1165,-2.6506
23.66,2.1179,-2.6501
23.662,2.1196,-2.6506
23.665,2.121,-2.652
23.667,2.1217,-2.6533
23.669,2.1213,-2.6533
23.671,2.1213,-2.652
23.673,2.1213,-2.6509
23.675,2.1213,-2.65
23.677,2.1213,-2.6495
23.679,2.1213,-2.6498
23.681,2.1213,-2.6498
23.683,2.1213,-2.65
23.685,2.1213,-2.6497
23.688,2.1213,-2.6492
23.69,2.1213,-2.6487
23.692,2.1222,-2.6477
23.694,2.1208,-2.6482
23.696,2.1179,-2.6498
23.698,2.1146,-2.6515
23.7,2.1117,-2.6534
23.702,2.1103,-2.6534
23.704,2.1108,-2.6515
23.706,2.1115,-2.6498
23.708,2.1129,-2.6479
23.71,2.1146,-2.6479
23.712,2.1165,-2.6498
23.715,2.1165,-2.6515
23.717,2.1146,-2.6534
23.719,2.1129,-2.6534
23.721,2.111,-2.6515
23.723,2.111,-2.6498
23.725,2.1124,-2.648
23.727,2.1148,-2.6478
23.729,2.1177,-2.6492
23.731,2.1205,-2.6503
23.733,2.1208,-2.6516
23.735,2.1201,-2.6516
23.737,2.1174,-2.6503
23.74,2.1167,-2.6492
23.742,2.1174,-2.648
23.744,2.1196,-2.6478
23.746,2.1215,-2.6493
23.748,2.1215,-2.6509
23.75,2.1196,-2.6524
23.752,2.1179,-2.6537
23.754,2.116,-2.6531
23.756,2.1165,-2.652
23.758,2.1177,-2.6506
23.76,2.1179,-2.6501
23.762,2.1177,-2.6506
23.765,2.1174,-2.652
23.767,2.1155,-2.6533
23.769,2.1146,-2.6533
23.771,2.1126,-2.652
23.773,2.1116,-2.6509
23.775,2.1119,-2.65
23.777,2.1135,-2.6492
23.779,2.1147,-2.65
23.781,2.1147,-2.6509
23.783,2.1135,-2.652
23.785,2.1124,-2.6528
23.787,2.1111,-2.6535
23.79,2.1111,-2.6537
23.792,2.1132,-2.6539
23.794,2.1131,-2.6549
23.796,2.1116,-2.6561
23.798,2.1093,-2.657
23.8,2.1066,-2.6583
23.802,2.1055,-2.6583
23.804,2.1062,-2.657
23.806,2.1063,-2.6559
23.808,2.1062,-2.655
23.81,2.1062,-2.6542
23.812,2.1067,-2.655
23.815,2.106,-2.6559
23.817,2.1046,-2.657
23.819,2.1029,-2.6583
23.821,2.101,-2.6583
23.823,2.1015,-2.657
23.825,2.1032,-2.6556
23.827,2.1027,-2.6551
23.829,2.101,-2.6556
23.831,2.0991,-2.657
23.833,2.0958,-2.6583
23.835,2.0941,-2.6583
23.837,2.0924,-2.657
23.84,2.0914,-2.6559
23.842,2.0926,-2.655
23.844,2.0957,-2.6542
23.846,2.0986,-2.655
23.848,2.0997,-2.6559
23.85,2.0988,-2.657
23.852,2.0974,-2.658
23.854,2.0961,-2.6584
23.856,2.0961,-2.6581
23.858,2.0974,-2.6581
23.86,2.0985,-2.6581
23.862,2.0994,-2.6581
23.865,2.0993,-2.6581
23.867,2.0999,-2.6581
23.869,2.1018,-2.6581
23.871,2.1036,-2.6581
23.873,2.1062,-2.6581
23.875,2.1086,-2.6581
23.877,2.1096,-2.6576
23.879,2.1129,-2.6584
23.881,2.1108,-2.6598
23.883,2.1046,-2.6615
23.885,2.0979,-2.6634
23.887,2.0912,-2.6634
23.89,2.0898,-2.6615
23.892,2.0946,-2.6593
23.894,2.0979,-2.6586
23.896,2.1012,-2.6593
23.898,2.1029,-2.6615
23.9,2.0991,-2.6634
23.902,2.0946,-2.6634
23.904,2.0892,-2.6615
23.906,2.0862,-2.6598
23.908,2.0877,-2.6584
23.91,2.0918,-2.6572
23.912,2.0951,-2.6584
23.915,2.0966,-2.6598
23.917,2.0955,-2.6615
23.919,2.094,-2.6629
23.921,2.0928,-2.6636
23.923,2.0931,-2.6631
23.925,2.0936,-2.6626
23.927,2.0942,-2.6634
23.929,2.095,-2.6648
23.931,2.0956,-2.6665
23.933,2.0958,-2.6684
23.935,2.0966,-2.6684
23.938,2.0962,-2.6665
23.94,2.0962,-2.6648
23.942,2.0963,-2.6634
23.944,2.0962,-2.6626
23.946,2.0962,-2.6631
23.948,2.0967,-2.6631
23.95,2.096,-2.6631
23.952,2.0946,-2.6631
23.954,2.0924,-2.6631
23.956,2.0922,-2.6631
23.958,2.0922,-2.6628
23.96,2.0929,-2.6633
23.962,2.0932,-2.6642
23.965,2.0917,-2.6653
23.967,2.0891,-2.6666
23.969,2.0879,-2.6666
23.971,2.086,-2.6653
23.973,2.086,-2.6642
23.975,2.0879,-2.663
23.977,2.0896,-2.663
23.979,2.0915,-2.6642
23.981,2.092,-2.6653
23.983,2.0893,-2.6671
23.985,2.0862,-2.6664
23.987,2.0827,-2.6637
23.99,2.0817,-2.6609
23.992,2.0822,-2.6576
23.994,2.0829,-2.6578
23.996,2.0827,-2.6615
23.998,2.082,-2.6648
24,2.0808,-2.6686
24.002,2.0812,-2.6686
24.004,2.0812,-2.6648
24.006,2.0812,-2.6615
24.008,2.0812,-2.6576
24.01,2.0812,-2.6576
24.012,2.0812,-2.6615
24.015,2.0812,-2.6648
24.017,2.0812,-2.6689
24.019,2.0812,-2.6684
24.021,2.0812,-2.6637
24.023,2.0812,-2.6592
24.025,2.0812,-2.6548
24.027,2.0812,-2.6538
24.029,2.0822,-2.657
24.031,2.0808,-2.6592
24.033,2.0779,-2.6618
24.035,2.0746,-2.6618
24.037,2.0708,-2.6592
24.04,2.0708,-2.657
24.042,2.0746,-2.6545
24.044,2.0779,-2.6545
24.046,2.0822,-2.657
24.048,2.0815,-2.6592
24.05,2.0762,-2.6615
24.052,2.0712,-2.6619
24.054,2.0655,-2.6603
24.056,2.0655,-2.6592
24.058,2.0712,-2.6581
24.06,2.0762,-2.6579
24.062,2.0805,-2.6587
24.065,2.0827,-2.6592
24.067,2.0812,-2.6599
24.069,2.0812,-2.6599
24.071,2.0812,-2.6592
24.073,2.0812,-2.6587
24.075,2.0812,-2.658
24.077,2.0812,-2.658
24.079,2.0812,-2.6587
24.081,2.0812,-2.6592
24.083,2.0812,-2.6605
24.085,2.0808,-2.6596
24.087,2.0815,-2.657
24.09,2.0829,-2.6542
24.092,2.0846,-2.6515
24.094,2.086,-2.6508
24.096,2.0872,-2.6526
24.098,2.0865,-2.6537
24.1,2.0843,-2.6553
24.102,2.0812,-2.6548
24.104,2.0777,-2.6526
24.106,2.0761,-2.6503
24.108,2.0772,-2.6478
24.11,2.079,-2.6478
24.112,2.0839,-2.6503
24.115,2.09,-2.6526
24.117,2.095,-2.6546
24.119,2.0993,-2.6553
24.121,2.1014,-2.6542
24.123,2.1002,-2.6537
24.125,2.1014,-2.6532
24.127,2.1031,-2.653
24.129,2.1046,-2.6531
24.131,2.1057,-2.6531
24.133,2.1067,-2.6531
24.135,2.1074,-2.6531
24.137,2.1076,-2.6531
24.14,2.1112,-2.6531
24.142,2.1165,-2.6531
24.144,2.1214,-2.6531
24.146,2.1265,-2.6531
24.148,2.1272,-2.6531
24.15,2.1229,-2.6536
24.152,2.1196,-2.6529
24.154,2.1153,-2.6515
24.156,2.116,-2.6498
24.158,2.1212,-2.6479
24.16,2.1262,-2.6479
24.162,2.132,-2.6498
24.165,2.132,-2.6515
24.167,2.1267,-2.6534
24.169,2.121,-2.6534
24.171,2.1148,-2.6515
24.173,2.1122,-2.6498
24.175,2.1129,-2.6479
24.177,2.112,-2.6479
24.179,2.1134,-2.6498
24.181,2.1134,-2.6515
24.183,2.1124,-2.6537
24.185,2.1127,-2.6532
24.188,2.1115,-2.6503
24.19,2.1115,-2.6476
24.192,2.1117,-2.6446
24.194,2.1134,-2.6443
24.196,2.116,-2.647
24.198,2.1186,-2.6492
24.2,2.1203,-2.6518
24.202,2.1222,-2.6518
24.204,2.1212,-2.6492
24.206,2.1213,-2.647
24.208,2.1213,-2.6445
24.21,2.1213,-2.6445
24.212,2.1222,-2.647
24.215,2.1208,-2.6492
24.217,2.1179,-2.6519
24.219,2.1146,-2.6517
24.221,2.1108,-2.6487
24.223,2.1112,-2.6459
24.225,2.1139,-2.6435
24.227,2.1165,-2.6423
24.229,2.1191,-2.6431
24.231,2.1213,-2.6431
24.233,2.1203,-2.6431
24.235,2.1201,-2.6431
24.237,2.1174,-2.6431
24.24,2.1167,-2.6431
24.242,2.1174,-2.6431
24.244,2.1196,-2.6431
24.246,2.1215,-2.6431
24.248,2.1215,-2.6431
24.25,2.1196,-2.6431
24.252,2.1179,-2.6431
24.254,2.116,-2.6431
24.256,2.1165,-2.6431
24.258,2.1177,-2.6431
24.26,2.1179,-2.6431
24.262,2.1177,-2.6431
24.265,2.1174,-2.6431
24.267,2.1155,-2.6431
24.269,2.1146,-2.6431
24.271,2.1124,-2.6431
24.273,2.1122,-2.6431
24.275,2.1117,-2.6431
24.277,2.1132,-2.6431
24.279,2.1148,-2.6431
24.281,2.1151,-2.6431
24.283,2.1139,-2.6436
24.285,2.1134,-2.6429
24.287,2.111,-2.6415
24.29,2.111,-2.6398
24.292,2.1129,-2.6382
24.294,2.1146,-2.6377
24.296,2.116,-2.6387
24.298,2.1167,-2.6392
24.3,2.1162,-2.6399
24.302,2.1162,-2.6399
24.304,2.1162,-2.6392
24.306,2.1162,-2.6387
24.308,2.1162,-2.638
24.31,2.1162,-2.638
24.312,2.1167,-2.6387
24.315,2.116,-2.6392
24.317,2.1146,-2.6399
24.319,2.1129,-2.6399
24.321,2.111,-2.6392
24.323,2.111,-2.6387
24.325,2.1129,-2.6377
24.327,2.1146,-2.6382
24.329,2.1165,-2.6398
24.331,2.1165,-2.6415
24.333,2.1146,-2.6434
24.335,2.1129,-2.6434
24.337,2.1115,-2.6415
24.34,2.1108,-2.6398
24.342,2.1112,-2.6379
24.344,2.1112,-2.6379
24.346,2.1112,-2.6398
24.348,2.1112,-2.6415
24.35,2.1112,-2.6434
24.352,2.1112,-2.6434
24.354,2.1112,-2.6415
24.356,2.1112,-2.6398
24.358,2.1112,-2.6384
24.36,2.1112,-2.6376
24.362,2.1112,-2.6381
24.365,2.1112,-2.6381
24.367,2.1112,-2.6381
24.369,2.1112,-2.6381
24.371,2.1112,-2.6381
24.373,2.1112,-2.6381
24.375,2.1112,-2.6381
24.377,2.1112,-2.6381
24.379,2.1112,-2.6381
24.381,2.1117,-2.6381
24.383,2.111,-2.6381
24.385,2.1096,-2.6386
24.387,2.1079,-2.6379
24.39,2.1066,-2.6365
24.392,2.1057,-2.6343
24.394,2.1057,-2.6336
24.396,2.1051,-2.6343
24.398,2.105,-2.6365
24.4,2.1043,-2.6384
24.402,2.1035,-2.6384
24.404,2.102,-2.6365
24.406,2.1016,-2.6348
24.408,2.102,-2.6334
24.41,2.1035,-2.6322
24.412,2.1044,-2.6334
24.415,2.1052,-2.6348
24.417,2.1044,-2.6365
24.419,2.1035,-2.6379
24.421,2.1019,-2.6391
24.423,2.1016,-2.6379
24.425,2.1026,-2.636
24.427,2.1046,-2.635
24.429,2.106,-2.635
24.431,2.1067,-2.636
24.433,2.1063,-2.6384
24.435,2.1067,-2.6384
24.438,2.106,-2.6365
24.44,2.1046,-2.6348
24.442,2.1048,-2.6334
24.444,2.1005,-2.6326
24.446,2.0941,-2.6326
24.448,2.0881,-2.6327
24.45,2.0851,-2.635
24.452,2.0773,-2.6388
24.454,2.0696,-2.643
24.456,2.0586,-2.6458
24.458,2.0493,-2.6464
24.46,2.0449,-2.6461
24.462,2.0479,-2.6465
24.465,2.0479,-2.6473
24.467,2.0473,-2.6482
24.469,2.0482,-2.6483
24.471,2.0501,-2.6481
24.473,2.0524,-2.6481
24.475,2.0543,-2.6481
24.477,2.0552,-2.6481
24.479,2.0546,-2.6481
24.481,2.0546,-2.6481
24.483,2.0552,-2.6478
24.485,2.0549,-2.6481
24.487,2.052,-2.6493
24.49,2.0493,-2.6507
24.492,2.0445,-2.6522
24.494,2.0366,-2.6541
24.496,2.0249,-2.6555
24.498,2.0124,-2.6569
24.5,2.0003,-2.6584
24.502,1.9939,-2.6583
24.504,1.9915,-2.657
24.506,1.9915,-2.6559
24.508,1.9903,-2.655
24.51,1.991,-2.6545
24.512,1.9932,-2.6548
24.515,1.9962,-2.6548
24.517,1.9993,-2.655
24.519,2.0015,-2.6547
24.521,2.0012,-2.6542
24.523,2.0015,-2.6537
24.525,2.0029,-2.6529
24.527,2.0046,-2.6531
24.529,2.006,-2.6542
24.531,2.0067,-2.6553
24.533,2.0062,-2.6566
24.535,2.0062,-2.6566
24.537,2.0062,-2.6553
24.54,2.0066,-2.6542
24.542,2.0058,-2.653
24.544,2.0053,-2.653
24.546,2.0055,-2.6542
24.548,2.0051,-2.6553
24.55,2.0047,-2.6571
24.552,2.0043,-2.6564
24.554,2.0031,-2.6537
24.556,2.0026,-2.6509
24.558,2.0026,-2.6479
24.56,2.0031,-2.6476
24.562,2.004,-2.6503
24.565,2.0051,-2.6526
24.567,2.0061,-2.6551
24.569,2.0066,-2.6551
24.571,2.0059,-2.6526
24.573,2.0064,-2.6503
24.575,2.0067,-2.648
24.577,2.0088,-2.6477
24.579,2.0116,-2.6498
24.581,2.0143,-2.6515
24.583,2.0159,-2.6534
24.585,2.0169,-2.6534
24.587,2.0162,-2.6515
24.59,2.0162,-2.6498
24.592,2.0162,-2.6484
24.594,2.0162,-2.6476
24.596,2.0162,-2.6481
24.598,2.0162,-2.6481
24.6,2.0162,-2.6481
24.602,2.0162,-2.6481
24.604,2.0162,-2.6481
24.606,2.0162,-2.6481
24.608,2.0162,-2.6481
24.61,2.0158,-2.6481
24.612,2.017,-2.6481
24.615,2.0177,-2.6481
24.617,2.0179,-2.6481
24.619,2.0177,-2.6481
24.621,2.0165,-2.6481
24.623,2.016,-2.6481
24.625,2.0179,-2.6481
24.627,2.0196,-2.6481
24.629,2.021,-2.6481
24.631,2.0217,-2.6481
24.633,2.0212,-2.6481
24.635,2.0212,-2.6484
24.637,2.0212,-2.648
24.64,2.0208,-2.647
24.642,2.0215,-2.6459
24.644,2.0229,-2.645
24.646,2.0246,-2.6445
24.648,2.0265,-2.6448
24.65,2.0274,-2.6454
24.652,2.0241,-2.6446
24.654,2.0186,-2.6425
24.656,2.0148,-2.6398
24.658,2.0148,-2.6372
24.66,2.0186,-2.636
24.662,2.0241,-2.6369
24.665,2.0274,-2.6376
24.667,2.0265,-2.6382
24.669,2.0246,-2.6382
24.671,2.0229,-2.6376
24.673,2.0215,-2.637
24.675,2.0208,-2.6365
24.677,2.0212,-2.6357
24.679,2.0212,-2.6368
24.681,2.0208,-2.6387
24.683,2.0215,-2.6409
24.685,2.0229,-2.6433
24.688,2.0246,-2.6435
24.69,2.0255,-2.6415
24.692,2.027,-2.6393
24.694,2.0279,-2.6386
24.696,2.0296,-2.6393
24.698,2.0315,-2.6415
24.7,2.0315,-2.6434
24.702,2.0296,-2.6434
24.704,2.0274,-2.6415
24.706,2.0267,-2.6398
24.708,2.0274,-2.6384
24.71,2.0296,-2.6373
24.712,2.0315,-2.6383
24.715,2.0315,-2.6392
24.717,2.0296,-2.6403
24.719,2.0279,-2.6413
24.721,2.0265,-2.6418
24.723,2.0258,-2.6415
24.725,2.0258,-2.6415
24.727,2.0265,-2.6415
24.729,2.0279,-2.6415
24.731,2.0301,-2.6415
24.733,2.0308,-2.6415
24.735,2.0301,-2.6415
24.737,2.0274,-2.6415
24.74,2.0267,-2.6415
24.742,2.0274,-2.6415
24.744,2.0296,-2.6415
24.746,2.032,-2.6415
24.748,2.0317,-2.6415
24.75,2.0277,-2.6418
24.752,2.0229,-2.6416
24.754,2.0179,-2.6402
24.756,2.0158,-2.6381
24.758,2.0174,-2.6357
24.76,2.0196,-2.6348
24.762,2.021,-2.6356
24.765,2.0222,-2.637
24.767,2.021,-2.6383
24.769,2.0196,-2.6383
24.771,2.0179,-2.637
24.773,2.0155,-2.6359
24.775,2.0162,-2.635
24.777,2.0196,-2.6342
24.779,2.0229,-2.635
24.781,2.0251,-2.6359
24.783,2.0275,-2.637
24.785,2.0285,-2.638
24.787,2.0307,-2.6384
24.79,2.0326,-2.6381
24.792,2.0336,-2.6381
24.794,2.0329,-2.6381
24.796,2.0329,-2.6381
24.798,2.0331,-2.6381
24.8,2.0328,-2.6381
24.802,2.0324,-2.6381
24.804,2.0318,-2.6381
24.806,2.031,-2.6381
24.808,2.0312,-2.6381
24.81,2.0324,-2.6381
24.812,2.0338,-2.6381
24.815,2.0343,-2.6381
24.817,2.0338,-2.6381
24.819,2.0324,-2.6381
24.821,2.0311,-2.6381
24.823,2.0309,-2.6381
24.825,2.0324,-2.638
24.827,2.034,-2.6382
24.829,2.0355,-2.6387
24.831,2.0365,-2.6392
24.833,2.0364,-2.6399
24.835,2.0362,-2.6399
24.837,2.0359,-2.6392
24.84,2.0364,-2.6387
24.842,2.0374,-2.638
24.844,2.0385,-2.638
24.846,2.0397,-2.6387
24.848,2.0397,-2.6392
24.85,2.0385,-2.6399
24.852,2.0374,-2.6399
24.854,2.0364,-2.6392
24.856,2.0369,-2.6387
24.858,2.0345,-2.6382
24.86,2.0336,-2.638
24.862,2.034,-2.6381
24.865,2.0369,-2.6381
24.867,2.0374,-2.6381
24.869,2.0364,-2.6381
24.871,2.0296,-2.6381
24.873,2.0274,-2.6381
24.875,2.0289,-2.6381
24.877,2.034,-2.6381
24.879,2.038,-2.6381
24.881,2.0387,-2.6381
24.883,2.0357,-2.6381
24.885,2.0335,-2.6381
24.887,2.0309,-2.6381
24.89,2.0309,-2.6381
24.892,2.0335,-2.638
24.894,2.0357,-2.6382
24.896,2.0376,-2.6387
24.898,2.0392,-2.6392
24.9,2.0376,-2.6399
24.902,2.0357,-2.6399
24.904,2.0328,-2.6392
24.906,2.0319,-2.6387
24.908,2.0328,-2.6382
24.91,2.0357,-2.638
24.912,2.0382,-2.6381
24.915,2.0382,-2.6381
24.917,2.0366,-2.6381
24.919,2.033,-2.6386
24.921,2.0282,-2.6379
24.923,2.0239,-2.6365
24.925,2.0208,-2.6343
24.927,2.0208,-2.6336
24.929,2.0246,-2.6343
24.931,2.0284,-2.6365
24.933,2.0305,-2.6384
24.935,2.0305,-2.6384
24.938,2.0274,-2.6365
24.94,2.0272,-2.6348
24.942,2.0272,-2.6334
24.944,2.0279,-2.6326
24.946,2.0277,-2.6331
24.948,2.027,-2.6331
24.95,2.0262,-2.6331
24.952,2.026,-2.6334
24.954,2.0246,-2.633
24.956,2.0229,-2.632
24.958,2.0215,-2.6306
24.96,2.0208,-2.6301
24.962,2.0212,-2.6306
24.965,2.0212,-2.632
24.967,2.0212,-2.6333
24.969,2.0212,-2.6333
24.971,2.0212,-2.632
24.973,2.0208,-2.6309
24.975,2.0215,-2.63
24.977,2.0229,-2.6295
24.979,2.0246,-2.6298
24.981,2.026,-2.6298
24.983,2.0272,-2.63
24.985,2.026,-2.6297
24.987,2.0246,-2.6292
24.99,2.0229,-2.6287
24.992,2.0215,-2.6279
24.994,2.0208,-2.6281
24.996,2.0212,-2.6292
24.998,2.0212,-2.6303
25,2.0212,-2.6316
25.002,2.0212,-2.6316
25.004,2.0212,-2.6303
25.006,2.0212,-2.6292
25.008,2.0212,-2.628
25.01,2.0212,-2.628
25.012,2.0212,-2.6292
25.015,2.0212,-2.6303
25.017,2.0212,-2.6316
25.019,2.0212,-2.6316
25.021,2.0212,-2.6303
25.023,2.0212,-2.6292
25.025,2.0212,-2.6281
25.027,2.0212,-2.6279
25.029,2.0212,-2.6287
25.031,2.0212,-2.6292
25.033,2.0212,-2.6299
25.035,2.0212,-2.6299
25.037,2.0212,-2.6292
25.04,2.0212,-2.6287
25.042,2.0208,-2.628
25.044,2.0215,-2.628
25.046,2.0229,-2.6287
25.048,2.0246,-2.6292
25.05,2.0265,-2.6299
25.052,2.0265,-2.6299
25.054,2.0241,-2.6292
25.056,2.0232,-2.6287
25.058,2.0232,-2.628
25.06,2.0241,-2.628
25.062,2.026,-2.6287
25.065,2.0267,-2.6292
25.067,2.0262,-2.6299
25.069,2.0262,-2.6299
25.071,2.0258,-2.6292
25.073,2.0265,-2.6287
25.075,2.0279,-2.628
25.077,2.0289,-2.628
25.079,2.0296,-2.6287
25.081,2.0267,-2.6292
25.083,2.0354,-2.631
25.085,2.0834,-2.6293
25.087,2.1493,-2.6253
25.09,2.2123,-2.6209
25.092,2.2541,-2.6163
25.094,2.2617,-2.6156
25.096,2.2513,-2.6192
25.098,2.2513,-2.622
25.1,2.2547,-2.6252
25.102,2.2495,-2.6252
25.104,2.239,-2.622
25.106,2.2268,-2.6192
25.108,2.2163,-2.6161
25.11,2.2111,-2.6161
25.112,2.2146,-2.6192
25.115,2.2146,-2.622
25.117,2.2052,-2.6252
25.119,2.2147,-2.6252
25.121,2.2492,-2.622
25.123,2.2965,-2.6192
25.125,2.3416,-2.6167
25.127,2.3719,-2.6157
25.129,2.3723,-2.617
25.131,2.3701,-2.6176
25.133,2.371,-2.6185
25.135,2.3717,-2.618
25.137,2.3706,-2.6165
25.14,2.3722,-2.6148
25.142,2.3732,-2.6129
25.144,2.3728,-2.6129
25.146,2.3727,-2.6148
25.148,2.3748,-2.6165
25.15,2.3793,-2.6179
25.152,2.3824,-2.6186
25.154,2.3815,-2.6186
25.156,2.377,-2.6179
25.158,2.372,-2.616
25.16,2.3698,-2.615
25.162,2.3713,-2.615
25.165,2.3713,-2.616
25.167,2.3713,-2.6184
25.169,2.3713,-2.6184
25.171,2.3708,-2.6165
25.173,2.3715,-2.6148
25.175,2.3729,-2.6134
25.177,2.3746,-2.6126
25.179,2.3755,-2.6126
25.181,2.377,-2.6134
25.183,2.3779,-2.6148
25.185,2.3789,-2.6165
25.188,2.381,-2.6179
25.19,2.3841,-2.6186
25.192,2.3863,-2.6181
25.194,2.3901,-2.6181
25.196,2.3934,-2.6181
25.198,2.3949,-2.6181
25.2,2.396,-2.6181
25.202,2.3967,-2.6181
25.204,2.3962,-2.6181
25.206,2.3967,-2.6181
25.208,2.3955,-2.6181
25.21,2.3943,-2.6181
25.212,2.3943,-2.6181
25.215,2.3967,-2.6181
25.217,2.4005,-2.6181
25.219,2.4048,-2.6186
25.221,2.4065,-2.6179
25.223,2.4067,-2.6165
25.225,2.4061,-2.6143
25.227,2.4063,-2.6136
25.229,2.4068,-2.6143
25.231,2.4075,-2.6165
25.233,2.4078,-2.6184
25.235,2.4075,-2.6184
25.237,2.4066,-2.6165
25.24,2.4066,-2.6148
25.242,2.4064,-2.6134
25.244,2.4069,-2.6122
25.246,2.4073,-2.6134
25.248,2.4078,-2.6148
25.25,2.4079,-2.6165
25.252,2.4074,-2.6173
25.254,2.4054,-2.6189
25.256,2.4043,-2.6203
25.258,2.4036,-2.6223
25.26,2.4051,-2.6246
25.262,2.4078,-2.6265
25.265,2.4099,-2.627
25.267,2.411,-2.6283
25.269,2.4117,-2.6283
25.271,2.4112,-2.627
25.273,2.4112,-2.6259
25.275,2.4108,-2.625
25.277,2.4115,-2.6242
25.279,2.4124,-2.625
25.281,2.4148,-2.6259
25.283,2.4182,-2.627
25.285,2.4198,-2.6283
25.287,2.4189,-2.6283
25.29,2.4186,-2.627
25.292,2.4182,-2.6256
25.294,2.4191,-2.6251
25.296,2.421,-2.6256
25.298,2.4217,-2.627
25.3,2.4213,-2.6283
25.302,2.4213,-2.6283
25.304,2.4213,-2.627
25.306,2.4213,-2.6259
25.308,2.4208,-2.625
25.31,2.4215,-2.6242
25.312,2.4229,-2.6245
25.315,2.4246,-2.6261
25.317,2.4265,-2.6287
25.319,2.4265,-2.6318
25.321,2.4241,-2.633
25.323,2.4232,-2.6319
25.325,2.4232,-2.6293
25.327,2.4241,-2.6286
25.329,2.426,-2.6293
25.331,2.4267,-2.6315
25.333,2.4262,-2.6334
25.335,2.4262,-2.6334
25.337,2.4262,-2.6315
25.34,2.4262,-2.6298
25.342,2.4262,-2.6279
25.344,2.4262,-2.6279
25.346,2.4262,-2.6298
25.348,2.4262,-2.6315
25.35,2.4267,-2.6329
25.352,2.426,-2.6341
25.354,2.4246,-2.6329
25.356,2.422,-2.6315
25.358,2.422,-2.6293
25.36,2.4241,-2.6286
25.362,2.4279,-2.6293
25.365,2.4312,-2.6315
25.367,2.4329,-2.6329
25.369,2.4291,-2.6336
25.371,2.4249,-2.6331
25.373,2.4198,-2.6331
25.375,2.4151,-2.6331
25.377,2.413,-2.6326
25.379,2.4117,-2.6332
25.381,2.4155,-2.6312
25.383,2.4113,-2.6388
25.385,2.3815,-2.6518
25.387,2.3391,-2.6657
25.39,2.3001,-2.6761
25.392,2.2691,-2.6818
25.394,2.2577,-2.6793
25.396,2.2477,-2.6809
25.398,2.2272,-2.6824
25.4,2.2048,-2.6834
25.402,2.1867,-2.6833
25.404,2.1717,-2.6831
25.406,2.1655,-2.6831
25.408,2.1624,-2.6831
25.41,2.1655,-2.6831
25.412,2.1691,-2.6831
25.415,2.1712,-2.6822
25.417,2.1703,-2.6836
25.419,2.1701,-2.6865
25.421,2.1679,-2.69
25.423,2.1665,-2.6924
25.425,2.1658,-2.6936
25.427,2.1662,-2.6926
25.429,2.1662,-2.6926
25.431,2.1662,-2.6929
25.433,2.1667,-2.6933
25.435,2.166,-2.6931
25.438,2.1646,-2.6931
25.44,2.1629,-2.6931
25.442,2.161,-2.6931
25.444,2.161,-2.6931
25.446,2.1629,-2.6931
25.448,2.1651,-2.6931
25.45,2.1658,-2.6931
25.452,2.1651,-2.6931
25.454,2.1629,-2.6931
25.456,2.161,-2.6931
25.458,2.161,-2.6931
25.46,2.1629,-2.6931
25.462,2.1646,-2.6931
25.465,2.166,-2.6931
25.467,2.1672,-2.6931
25.469,2.166,-2.6931
25.471,2.1646,-2.6931
25.473,2.1629,-2.6931
25.475,2.1615,-2.6931
25.477,2.1608,-2.6931
25.479,2.1612,-2.6931
25.481,2.1617,-2.6931
25.483,2.161,-2.693
25.485,2.1596,-2.693
25.487,2.1579,-2.6938
25.49,2.1565,-2.6948
25.492,2.1553,-2.6957
25.494,2.1565,-2.6966
25.496,2.1579,-2.6972
25.498,2.1596,-2.6976
25.5,2.1615,-2.6982
25.502,2.1615,-2.6982
25.504,2.1596,-2.6976
25.506,2.1574,-2.697
25.508,2.1567,-2.6965
25.51,2.1574,-2.6961
25.512,2.1596,-2.6965
25.515,2.1616,-2.697
25.517,2.1614,-2.6976
25.519,2.159,-2.6982
25.521,2.1568,-2.6982
25.523,2.1549,-2.6976
25.525,2.1533,-2.6969
25.527,2.1549,-2.6966
25.529,2.1568,-2.6969
25.531,2.159,-2.6976
25.533,2.1617,-2.6982
25.535,2.1615,-2.6982
25.537,2.1585,-2.6976
25.54,2.1554,-2.697
25.542,2.153,-2.6965
25.544,2.1535,-2.6961
25.546,2.1568,-2.6965
25.548,2.1594,-2.697
25.55,2.1613,-2.6976
25.552,2.1617,-2.6982
25.554,2.1612,-2.6982
25.556,2.1617,-2.6976
25.558,2.161,-2.6969
25.56,2.1596,-2.6966
25.562,2.1579,-2.6969
25.565,2.1565,-2.6976
25.567,2.1558,-2.6982
25.569,2.1562,-2.6984
25.571,2.1558,-2.6975
25.573,2.1565,-2.6965
25.575,2.1579,-2.6954
25.577,2.1596,-2.6946
25.579,2.1615,-2.6947
25.581,2.1615,-2.6953
25.583,2.1596,-2.6962
25.585,2.1579,-2.6962
25.587,2.156,-2.6955
25.59,2.1555,-2.6942
25.592,2.1582,-2.6933
25.594,2.1613,-2.6928
25.596,2.1643,-2.6931
25.598,2.1665,-2.6931
25.6,2.1667,-2.6931
25.602,2.1662,-2.6931
25.604,2.1662,-2.6931
25.606,2.1662,-2.6931
25.608,2.1662,-2.6931
25.61,2.1662,-2.6931
25.612,2.1663,-2.6931
25.615,2.1663,-2.6931
25.617,2.1663,-2.6931
25.619,2.1663,-2.6931
25.621,2.1663,-2.6931
25.623,2.1658,-2.6931
25.625,2.1665,-2.6931
25.627,2.1679,-2.6931
25.629,2.1696,-2.6931
25.631,2.171,-2.6931
25.633,2.172,-2.6931
25.635,2.1711,-2.6931
25.637,2.1701,-2.6931
25.64,2.169,-2.6931
25.642,2.1678,-2.6931
25.644,2.1678,-2.6931
25.646,2.169,-2.6931
25.648,2.1701,-2.6931
25.65,2.1711,-2.6931
25.652,2.1716,-2.6933
25.654,2.1713,-2.693
25.656,2.1713,-2.6926
25.658,2.1708,-2.6919
25.66,2.1715,-2.6916
25.662,2.1729,-2.6919
25.665,2.1746,-2.6926
25.667,2.1762,-2.6932
25.669,2.1766,-2.6932
25.671,2.1755,-2.6926
25.673,2.1754,-2.692
25.675,2.175,-2.6915
25.677,2.1751,-2.6911
25.679,2.1756,-2.6915
25.681,2.1761,-2.692
25.683,2.1759,-2.6926
25.685,2.1759,-2.6934
25.688,2.1751,-2.6931
25.69,2.1747,-2.692
25.692,2.1744,-2.6906
25.694,2.1746,-2.6901
25.696,2.1746,-2.6906
25.698,2.1749,-2.692
25.7,2.1744,-2.6933
25.702,2.1735,-2.6933
25.704,2.1722,-2.692
25.706,2.1715,-2.6909
25.708,2.1715,-2.69
25.71,2.1724,-2.6892
25.712,2.1728,-2.69
25.715,2.1732,-2.6909
25.717,2.1728,-2.692
25.719,2.1724,-2.6928
25.721,2.1718,-2.6935
25.723,2.1712,-2.6937
25.725,2.1712,-2.6941
25.727,2.1718,-2.6948
25.729,2.1724,-2.6955
25.731,2.173,-2.6959
25.733,2.1733,-2.6965
25.735,2.1722,-2.6969
25.737,2.1707,-2.6957
25.74,2.1691,-2.6942
25.742,2.1676,-2.6926
25.744,2.1678,-2.6913
25.746,2.169,-2.6912
25.748,2.1705,-2.692
25.75,2.1709,-2.6929
25.752,2.1705,-2.6929
25.754,2.169,-2.6922
25.756,2.1681,-2.6909
25.758,2.1673,-2.6898
25.76,2.1681,-2.6896
25.762,2.169,-2.6903
25.765,2.1701,-2.6909
25.767,2.1716,-2.6914
25.769,2.1713,-2.6918
25.771,2.1691,-2.6914
25.773,2.1682,-2.6909
25.775,2.1682,-2.6903
25.777,2.1691,-2.6897
25.779,2.171,-2.6897
25.781,2.1717,-2.6903
25.783,2.1713,-2.6909
25.785,2.1712,-2.6914
25.787,2.1712,-2.6916
25.79,2.1712,-2.6915
25.792,2.1712,-2.6913
25.794,2.1712,-2.6915
25.796,2.1712,-2.692
25.798,2.1712,-2.6926
25.8,2.1717,-2.693
25.802,2.171,-2.6933
25.804,2.1696,-2.6931
25.806,2.1679,-2.6931
25.808,2.1665,-2.6931
25.81,2.1658,-2.6931
25.812,2.1662,-2.6931
25.815,2.1662,-2.6931
25.817,2.1662,-2.6931
25.819,2.1662,-2.6933
25.821,2.1662,-2.693
25.823,2.1662,-2.6926
25.825,2.1653,-2.6919
25.827,2.1667,-2.6916
25.829,2.1696,-2.6919
25.831,2.1729,-2.6926
25.833,2.1767,-2.6932
25.835,2.1767,-2.6932
25.837,2.172,-2.6926
25.84,2.1701,-2.692
25.842,2.1701,-2.6915
25.844,2.172,-2.6911
25.846,2.1767,-2.6915
25.848,2.1767,-2.692
25.85,2.1729,-2.6926
25.852,2.1696,-2.693
25.854,2.1667,-2.6933
25.856,2.1653,-2.6931
25.858,2.1663,-2.6931
25.86,2.1663,-2.6931
25.862,2.1663,-2.6931
25.865,2.1663,-2.6931
25.867,2.1663,-2.6931
25.869,2.1663,-2.6931
25.871,2.1661,-2.6931
25.873,2.1663,-2.6931
25.875,2.1668,-2.6931
25.877,2.1674,-2.6931
25.879,2.168,-2.6931
25.881,2.168,-2.6931
25.883,2.1674,-2.6931
25.885,2.1668,-2.6931
25.887,2.1663,-2.6931
25.89,2.1659,-2.6931
25.892,2.166,-2.6931
25.894,2.167,-2.6931
25.896,2.1685,-2.6931
25.898,2.1701,-2.6931
25.9,2.1713,-2.6931
25.902,2.1716,-2.6931
25.904,2.1712,-2.6931
25.906,2.1712,-2.6931
25.908,2.1712,-2.6931
25.91,2.1712,-2.6931
25.912,2.1713,-2.6931
25.915,2.1713,-2.6931
25.917,2.1713,-2.6931
25.919,2.1713,-2.6931
25.921,2.1713,-2.6931
25.923,2.1713,-2.6931
25.925,2.1713,-2.6931
25.927,2.1713,-2.6931
25.929,2.1713,-2.6931
25.931,2.1713,-2.6931
25.933,2.1717,-2.6931
25.935,2.171,-2.6931
25.938,2.1696,-2.6931
25.94,2.1674,-2.6931
25.942,2.1667,-2.6931
25.944,2.1674,-2.6931
25.946,2.1696,-2.6931
25.948,2.1715,-2.6931
25.95,2.1715,-2.6931
25.952,2.1696,-2.6936
25.954,2.1674,-2.6929
25.956,2.1672,-2.6915
25.958,2.1667,-2.6898
25.96,2.1682,-2.6884
25.962,2.1693,-2.6876
25.965,2.1703,-2.6881
25.967,2.171,-2.6881
25.969,2.1715,-2.6881
25.971,2.1696,-2.6881
25.973,2.1679,-2.6881
25.975,2.1665,-2.6881
25.977,2.1658,-2.6881
25.979,2.1666,-2.6881
25.981,2.1661,-2.6881
25.983,2.1651,-2.6881
25.985,2.164,-2.6881
25.987,2.1628,-2.6886
25.99,2.1628,-2.6879
25.992,2.164,-2.686
25.994,2.1651,-2.685
25.996,2.1661,-2.685
25.998,2.1666,-2.686
26,2.1662,-2.6884
26.002,2.1662,-2.6884
26.004,2.1662,-2.6865
26.006,2.1656,-2.6848
26.008,2.1666,-2.6834
26.01,2.1685,-2.6826
26.012,2.1713,-2.6831
26.015,2.1723,-2.6831
26.017,2.1713,-2.6831
26.019,2.1685,-2.6831
26.021,2.1659,-2.6831
26.023,2.1659,-2.6831
26.025,2.1685,-2.6831
26.027,2.1707,-2.6831
26.029,2.1726,-2.6831
26.031,2.1737,-2.6831
26.033,2.1728,-2.6831
26.035,2.1724,-2.6831
26.037,2.1718,-2.6831
26.04,2.1713,-2.6831
26.042,2.1711,-2.6831
26.044,2.1713,-2.6831
26.046,2.1713,-2.6831
26.048,2.1717,-2.6831
26.05,2.171,-2.6831
26.052,2.1696,-2.6831
26.054,2.1679,-2.6831
26.056,2.1665,-2.6831
26.058,2.1658,-2.6831
26.06,2.1662,-2.6831
26.062,2.1662,-2.6831
26.065,2.1662,-2.6831
26.067,2.1662,-2.6831
26.069,2.1662,-2.6831
26.071,2.1662,-2.6831
26.073,2.1662,-2.6831
26.075,2.1662,-2.6831
26.077,2.1662,-2.6831
26.079,2.1662,-2.6831
26.081,2.1662,-2.6831
26.083,2.1667,-2.6831
26.085,2.166,-2.6834
26.087,2.1646,-2.683
26.09,2.1629,-2.682
26.092,2.161,-2.6806
26.094,2.161,-2.6801
26.096,2.1629,-2.6806
26.098,2.1651,-2.682
26.1,2.1658,-2.6833
26.102,2.1651,-2.6833
26.104,2.1629,-2.682
26.106,2.161,-2.6809
26.108,2.161,-2.68
26.11,2.1629,-2.6795
26.112,2.1646,-2.6798
26.115,2.166,-2.6798
26.117,2.1677,-2.68
26.119,2.1658,-2.6799
26.121,2.1629,-2.6792
26.123,2.1596,-2.6781
26.125,2.1567,-2.6769
26.127,2.1553,-2.6765
26.129,2.1562,-2.6769
26.131,2.1562,-2.6776
26.133,2.1562,-2.6782
26.135,2.1562,-2.6782
26.137,2.1562,-2.6776
26.14,2.1562,-2.677
26.142,2.1558,-2.6765
26.144,2.1565,-2.6761
26.146,2.1579,-2.6765
26.148,2.1596,-2.677
26.15,2.1615,-2.6776
26.152,2.1615,-2.6787
26.154,2.1596,-2.678
26.156,2.1574,-2.6759
26.158,2.1567,-2.673
26.16,2.1574,-2.6721
26.162,2.1596,-2.673
26.165,2.161,-2.6759
26.167,2.1617,-2.6784
26.169,2.1612,-2.6784
26.171,2.1612,-2.6759
26.173,2.1612,-2.6737
26.175,2.1612,-2.6718
26.177,2.1612,-2.6702
26.179,2.1612,-2.6718
26.181,2.1612,-2.6737
26.183,2.1612,-2.6759
26.185,2.1612,-2.6784
26.188,2.1612,-2.6784
26.19,2.1612,-2.6759
26.192,2.1603,-2.673
26.194,2.1617,-2.6721
26.196,2.1646,-2.673
26.198,2.1689,-2.6759
26.2,2.1703,-2.6784
26.202,2.1689,-2.6784
26.204,2.1646,-2.6759
26.206,2.1612,-2.6737
26.208,2.1601,-2.6718
26.21,2.1632,-2.6702
26.212,2.1662,-2.6718
26.215,2.1693,-2.6737
26.217,2.172,-2.6759
26.219,2.1715,-2.6784
26.221,2.1696,-2.6784
26.223,2.1679,-2.6759
26.225,2.1665,-2.673
26.227,2.1658,-2.6721
26.229,2.1662,-2.673
26.231,2.167,-2.6759
26.233,2.1659,-2.6784
26.235,2.1635,-2.6784
26.237,2.1607,-2.6759
26.24,2.1583,-2.6737
26.242,2.1559,-2.6718
26.244,2.1586,-2.6702
26.246,2.1624,-2.6718
26.248,2.1668,-2.6737
26.25,2.172,-2.6759
26.252,2.1718,-2.6781
26.254,2.1662,-2.6786
26.256,2.1603,-2.677
26.258,2.1574,-2.6756
26.26,2.1582,-2.6751
26.262,2.1629,-2.6756
26.265,2.1667,-2.677
26.267,2.1667,-2.6783
26.269,2.1629,-2.6783
26.271,2.1596,-2.677
26.273,2.1567,-2.6759
26.275,2.1543,-2.675
26.277,2.1567,-2.6737
26.279,2.1596,-2.6752
26.281,2.1629,-2.6776
26.283,2.1664,-2.6803
26.285,2.1669,-2.6835
26.287,2.164,-2.6835
26.29,2.1612,-2.6803
26.292,2.1602,-2.6768
26.294,2.1612,-2.6756
26.296,2.164,-2.6768
26.298,2.1664,-2.6803
26.3,2.1666,-2.6835
26.302,2.1646,-2.6835
26.304,2.1629,-2.6803
26.306,2.1615,-2.6776
26.308,2.1603,-2.6752
26.31,2.1615,-2.674
26.312,2.1629,-2.6748
26.315,2.1646,-2.6748
26.317,2.1662,-2.675
26.319,2.1666,-2.6747
26.321,2.1657,-2.6742
26.323,2.165,-2.6737
26.325,2.1647,-2.6732
26.327,2.165,-2.673
26.329,2.1657,-2.6731
26.331,2.1662,-2.6731
26.333,2.1664,-2.6731
26.335,2.1662,-2.6731
26.337,2.1662,-2.6731
26.34,2.1662,-2.6731
26.342,2.1662,-2.6731
26.344,2.1662,-2.6731
26.346,2.1662,-2.6731
26.348,2.1662,-2.6731
26.35,2.1662,-2.6731
26.352,2.1662,-2.6734
26.354,2.1662,-2.673
26.356,2.1658,-2.672
26.358,2.1665,-2.6706
26.36,2.1679,-2.6701
26.362,2.1696,-2.6706
26.365,2.171,-2.672
26.367,2.1717,-2.6733
26.369,2.1712,-2.6733
26.371,2.1712,-2.672
26.373,2.1712,-2.6709
26.375,2.1712,-2.67
26.377,2.1712,-2.6687
26.379,2.1713,-2.6702
26.381,2.1717,-2.6726
26.383,2.171,-2.6753
26.385,2.1696,-2.6782
26.387,2.1679,-2.6787
26.39,2.1662,-2.6765
26.392,2.1658,-2.6743
26.394,2.1674,-2.6736
26.396,2.1692,-2.6743
26.398,2.1705,-2.6765
26.4,2.1709,-2.6784
26.402,2.1703,-2.6784
26.404,2.1695,-2.6765
26.406,2.1695,-2.6748
26.408,2.1701,-2.6734
26.41,2.1707,-2.6726
26.412,2.1712,-2.6731
26.415,2.1714,-2.6731
26.417,2.1712,-2.6736
26.419,2.1712,-2.6729
26.421,2.1712,-2.6715
26.423,2.1708,-2.6698
26.425,2.1715,-2.6676
26.427,2.1729,-2.668
26.429,2.1751,-2.6709
26.431,2.1758,-2.6737
26.433,2.1751,-2.6769
26.435,2.1729,-2.6769
26.438,2.1715,-2.6737
26.44,2.1708,-2.6709
26.442,2.1712,-2.6677
26.444,2.1712,-2.6677
26.446,2.1713,-2.6709
26.448,2.1713,-2.6737
26.45,2.1713,-2.6769
26.452,2.1712,-2.6769
26.454,2.1712,-2.6737
26.456,2.1722,-2.6709
26.458,2.1708,-2.6677
26.46,2.1679,-2.6677
26.462,2.1646,-2.6709
26.465,2.1617,-2.6737
26.467,2.1603,-2.6769
26.469,2.1612,-2.6769
26.471,2.1612,-2.6737
26.473,2.1612,-2.6709
26.475,2.1612,-2.6677
26.477,2.1612,-2.6677
26.479,2.1612,-2.6709
26.481,2.1612,-2.6737
26.483,2.1612,-2.6769
26.485,2.1612,-2.6769
26.487,2.1612,-2.6737
26.49,2.1612,-2.6709
26.492,2.1612,-2.6679
26.494,2.1612,-2.6676
26.496,2.1619,-2.6703
26.498,2.1609,-2.6726
26.5,2.159,-2.6751
26.502,2.1568,-2.6751
26.504,2.1549,-2.6726
26.506,2.1538,-2.6703
26.508,2.1547,-2.6678
26.51,2.1551,-2.6678
26.512,2.1557,-2.6703
26.515,2.1562,-2.6726
26.517,2.1564,-2.6751
26.519,2.1562,-2.6751
26.521,2.1562,-2.6726
26.523,2.1562,-2.6703
26.525,2.1562,-2.6681
26.527,2.1562,-2.6676
26.529,2.1562,-2.6692
26.531,2.1562,-2.6703
26.533,2.1562,-2.6716
26.535,2.1562,-2.6716
26.537,2.1562,-2.6703
26.54,2.1562,-2.6692
26.542,2.1558,-2.668
26.544,2.1565,-2.668
26.546,2.1579,-2.6692
26.548,2.1596,-2.6703
26.55,2.1615,-2.6716
26.552,2.1615,-2.6716
26.554,2.1596,-2.6703
26.556,2.1574,-2.6692
26.558,2.1567,-2.6675
26.56,2.1574,-2.6682
26.562,2.1601,-2.6709
26.565,2.1608,-2.6737
26.567,2.1601,-2.6769
26.569,2.1579,-2.6769
26.571,2.156,-2.6737
26.573,2.1568,-2.6709
26.575,2.1575,-2.6677
26.577,2.1568,-2.6677
26.579,2.1555,-2.6709
26.581,2.1539,-2.6737
26.583,2.1525,-2.6764
26.585,2.1521,-2.6771
26.587,2.1501,-2.6753
26.59,2.1475,-2.6742
26.592,2.1466,-2.6726
26.594,2.1474,-2.6731
26.596,2.1501,-2.6753
26.598,2.1508,-2.6776
26.6,2.1501,-2.6801
26.602,2.1479,-2.6801
26.604,2.1465,-2.6776
26.606,2.1458,-2.6753
26.608,2.1463,-2.6728
26.61,2.1463,-2.6728
26.612,2.1463,-2.6753
26.615,2.1463,-2.6776
26.617,2.1463,-2.6796
26.619,2.1463,-2.6811
26.621,2.1463,-2.6788
26.623,2.1463,-2.6759
26.625,2.1462,-2.6719
26.627,2.1462,-2.6704
26.629,2.1462,-2.6718
26.631,2.1462,-2.6753
26.633,2.1462,-2.6785
26.635,2.1462,-2.6785
26.637,2.1462,-2.6753
26.64,2.1466,-2.6726
26.642,2.1448,-2.6702
26.644,2.1458,-2.6687
26.646,2.1485,-2.67
26.648,2.152,-2.6709
26.65,2.1567,-2.672
26.652,2.1568,-2.673
26.654,2.1498,-2.6734
26.656,2.1484,-2.6731
26.658,2.1453,-2.6731
26.66,2.1453,-2.6731
26.662,2.1498,-2.6731
26.665,2.1496,-2.6731
26.667,2.146,-2.6731
26.669,2.1455,-2.6731
26.671,2.1412,-2.6731
26.673,2.1412,-2.6731
26.675,2.1426,-2.6731
26.677,2.1424,-2.6722
26.679,2.1416,-2.6736
26.681,2.1416,-2.6765
26.683,2.1383,-2.6798
26.685,2.1351,-2.6839
26.688,2.1299,-2.6834
26.69,2.1273,-2.6787
26.692,2.1266,-2.6734
26.694,2.1324,-2.6708
26.696,2.1392,-2.6713
26.698,2.1426,-2.6753
26.7,2.1418,-2.6785
26.702,2.1396,-2.6785
26.704,2.134,-2.6753
26.706,2.134,-2.6726
26.708,2.1385,-2.6702
26.71,2.1424,-2.6682
26.712,2.1457,-2.6702
26.715,2.1474,-2.6726
26.717,2.1472,-2.6753
26.719,2.1458,-2.6782
26.721,2.1429,-2.6787
26.723,2.1401,-2.6765
26.725,2.1365,-2.6743
26.727,2.1336,-2.6736
26.729,2.1334,-2.6743
26.731,2.1313,-2.6765
26.733,2.1291,-2.6784
26.735,2.1279,-2.6784
26.737,2.126,-2.6765
26.74,2.126,-2.6748
26.742,2.1279,-2.6734
26.744,2.1296,-2.6726
26.746,2.131,-2.6731
26.748,2.1317,-2.6731
26.75,2.1313,-2.6736
26.752,2.1313,-2.6729
26.754,2.1311,-2.6715
26.756,2.1313,-2.6698
26.758,2.1318,-2.6682
26.76,2.1324,-2.6677
26.762,2.133,-2.6687
26.765,2.133,-2.6692
26.767,2.1324,-2.6699
26.769,2.1318,-2.6699
26.771,2.1312,-2.6692
26.773,2.1313,-2.6687
26.775,2.1317,-2.668
26.777,2.1318,-2.668
26.779,2.1317,-2.6687
26.781,2.132,-2.6692
26.783,2.1309,-2.6703
26.785,2.1296,-2.6696
26.787,2.1279,-2.6676
26.79,2.1265,-2.6653
26.792,2.1253,-2.6628
26.794,2.1265,-2.6628
26.796,2.1284,-2.6653
26.798,2.1293,-2.6676
26.8,2.1293,-2.6701
26.802,2.1284,-2.6701
26.804,2.126,-2.6676
26.806,2.1255,-2.6653
26.808,2.1282,-2.6628
26.81,2.1312,-2.6628
26.812,2.1343,-2.6653
26.815,2.1365,-2.6676
26.817,2.1372,-2.6701
26.819,2.136,-2.6704
26.821,2.1341,-2.6674
26.823,2.1332,-2.6642
26.825,2.1332,-2.6609
26.827,2.1341,-2.6595
26.829,2.137,-2.6606
26.831,2.1362,-2.662
26.833,2.1329,-2.6633
26.835,2.1296,-2.6633
26.837,2.1267,-2.662
26.84,2.1243,-2.6609
26.842,2.1267,-2.66
26.844,2.1296,-2.6592
26.846,2.1329,-2.66
26.848,2.1358,-2.6609
26.85,2.1372,-2.662
26.852,2.1362,-2.663
26.854,2.1362,-2.6634
26.856,2.1362,-2.6631
26.858,2.1362,-2.663
26.86,2.1362,-2.6632
26.862,2.1362,-2.6637
26.865,2.1362,-2.6642
26.867,2.1362,-2.6649
26.869,2.1362,-2.6649
26.871,2.1362,-2.6642
26.873,2.1353,-2.6637
26.875,2.1367,-2.663
26.877,2.1396,-2.6627
26.879,2.1429,-2.6638
26.881,2.1458,-2.6653
26.883,2.1482,-2.6669
26.885,2.1458,-2.6684
26.887,2.1429,-2.6683
26.89,2.1386,-2.667
26.892,2.1372,-2.6656
26.894,2.1386,-2.6651
26.896,2.1429,-2.6656
26.898,2.1458,-2.667
26.9,2.1472,-2.6683
26.902,2.1462,-2.6683
26.904,2.1462,-2.667
26.906,2.1462,-2.6659
26.908,2.1462,-2.665
26.91,2.1462,-2.6642
26.912,2.1462,-2.665
26.915,2.1462,-2.6659
26.917,2.1467,-2.667
26.919,2.146,-2.6684
26.921,2.1446,-2.6682
26.923,2.1429,-2.6665
26.925,2.1415,-2.6648
26.927,2.1408,-2.6634
26.929,2.1412,-2.6626
26.931,2.1412,-2.6631
26.933,2.1412,-2.6631
26.935,2.1412,-2.6631
26.938,2.1412,-2.6631
26.94,2.1412,-2.6631
26.942,2.1408,-2.6631
26.944,2.1415,-2.6631
26.946,2.1429,-2.6626
26.948,2.1446,-2.6634
26.95,2.1465,-2.6648
26.952,2.1465,-2.6665
26.954,2.1446,-2.6684
26.956,2.1424,-2.6684
26.958,2.1417,-2.666
26.96,2.1424,-2.665
26.962,2.1446,-2.665
26.965,2.146,-2.666
26.967,2.1467,-2.6684
26.969,2.1462,-2.6684
26.971,2.1462,-2.6665
26.973,2.1462,-2.6648
26.975,2.1462,-2.6634
26.977,2.1462,-2.6626
26.979,2.1462,-2.6626
26.981,2.1462,-2.6634
26.983,2.1462,-2.6648
26.985,2.1462,-2.6665
26.987,2.1462,-2.6684
26.99,2.1462,-2.6684
26.992,2.1462,-2.666
26.994,2.1462,-2.665
26.996,2.1462,-2.665
26.998,2.1462,-2.666
27,2.1462,-2.6684
27.002,2.1462,-2.6684
27.004,2.1462,-2.6665
27.006,2.1453,-2.6648
27.008,2.1467,-2.6634
27.01,2.1496,-2.6626
27.012,2.1529,-2.6626
27.015,2.1558,-2.6634
27.017,2.1582,-2.6648
27.019,2.1558,-2.6665
27.021,2.1529,-2.6679
27.023,2.1486,-2.6686
27.025,2.1467,-2.6681
27.027,2.1489,-2.6681
27.029,2.1546,-2.6681
27.031,2.1596,-2.6681
27.033,2.1617,-2.6681
27.035,2.1601,-2.6681
27.037,2.1579,-2.6681
27.04,2.156,-2.6681
27.042,2.156,-2.6681
27.044,2.1579,-2.6681
27.046,2.1596,-2.6681
27.048,2.161,-2.6681
27.05,2.1617,-2.6681
27.052,2.1612,-2.6681
27.054,2.1612,-2.6686
27.056,2.1617,-2.6679
27.058,2.1605,-2.666
27.06,2.1598,-2.665
27.062,2.1596,-2.665
27.065,2.1603,-2.666
27.067,2.1603,-2.6684
27.069,2.1601,-2.6684
27.071,2.1579,-2.6665
27.073,2.157,-2.6648
27.075,2.1555,-2.6634
27.077,2.1546,-2.6626
27.079,2.1529,-2.6631
27.081,2.1515,-2.6631
27.083,2.1508,-2.6631
27.085,2.1512,-2.6633
27.087,2.1511,-2.663
27.09,2.1513,-2.6626
27.092,2.1515,-2.6619
27.094,2.1525,-2.6616
27.096,2.1543,-2.6619
27.098,2.1551,-2.6626
27.1,2.155,-2.6632
27.102,2.1543,-2.6632
27.104,2.1523,-2.6626
27.106,2.1525,-2.662
27.108,2.1559,-2.6615
27.11,2.1601,-2.6611
27.112,2.1642,-2.6615
27.115,2.1668,-2.662
27.117,2.1667,-2.6626
27.119,2.1662,-2.6629
27.121,2.1662,-2.6634
27.123,2.1667,-2.6637
27.125,2.1655,-2.6639
27.127,2.1648,-2.6649
27.129,2.1646,-2.6661
27.131,2.1648,-2.667
27.133,2.1655,-2.6683
27.135,2.1667,-2.6683
27.137,2.1662,-2.667
27.14,2.1658,-2.6659
27.142,2.1665,-2.665
27.144,2.1679,-2.6642
27.146,2.1696,-2.665
27.148,2.171,-2.6659
27.15,2.1717,-2.667
27.152,2.1712,-2.6683
27.154,2.1712,-2.6683
27.156,2.1712,-2.667
27.158,2.1712,-2.6656
27.16,2.1712,-2.6651
27.162,2.1712,-2.6656
27.165,2.1712,-2.667
27.167,2.1712,-2.6683
27.169,2.1712,-2.6683
27.171,2.1712,-2.667
27.173,2.1712,-2.6659
27.175,2.1703,-2.665
27.177,2.1717,-2.6642
27.179,2.1746,-2.665
27.181,2.1779,-2.6659
27.183,2.1814,-2.667
27.185,2.1819,-2.6683
27.188,2.1784,-2.6683
27.19,2.1776,-2.667
27.192,2.1764,-2.6656
27.194,2.177,-2.6651
27.196,2.1793,-2.6656
27.198,2.1805,-2.667
27.2,2.1805,-2.6683
27.202,2.1817,-2.6683
27.204,2.1812,-2.667
27.206,2.1812,-2.6659
27.208,2.1812,-2.665
27.21,2.1812,-2.6642
27.212,2.1812,-2.665
27.215,2.1812,-2.6659
27.217,2.1812,-2.667
27.219,2.1812,-2.668
27.221,2.1812,-2.6684
27.223,2.1812,-2.6681
27.225,2.1812,-2.6676
27.227,2.1812,-2.6684
27.229,2.1812,-2.6698
27.231,2.1812,-2.6715
27.233,2.1812,-2.6734
27.235,2.1812,-2.6734
27.237,2.1812,-2.6715
27.24,2.1808,-2.6698
27.242,2.1805,-2.6684
27.244,2.1834,-2.6672
27.246,2.1879,-2.6684
27.248,2.1927,-2.6698
27.25,2.1967,-2.6715
27.252,2.197,-2.6738
27.254,2.1941,-2.6731
27.256,2.1936,-2.6698
27.258,2.1924,-2.666
27.26,2.1927,-2.6638
27.262,2.1943,-2.6638
27.265,2.1953,-2.6665
27.267,2.1955,-2.6684
27.269,2.1967,-2.6684
27.271,2.1962,-2.6665
27.273,2.1962,-2.6648
27.275,2.1958,-2.6634
27.277,2.1965,-2.6622
27.279,2.1979,-2.6634
27.281,2.1996,-2.6648
27.283,2.201,-2.6665
27.285,2.2017,-2.6684
27.287,2.2012,-2.6684
27.29,2.2012,-2.6665
27.292,2.2008,-2.6643
27.294,2.2015,-2.6636
27.296,2.2029,-2.6643
27.298,2.2046,-2.6665
27.3,2.206,-2.6684
27.302,2.2067,-2.6684
27.304,2.2058,-2.6665
27.306,2.2065,-2.6648
27.308,2.2074,-2.6634
27.31,2.2098,-2.6622
27.312,2.2127,-2.6634
27.315,2.2151,-2.6648
27.317,2.2165,-2.6665
27.319,2.2165,-2.6684
27.321,2.2141,-2.6684
27.323,2.2136,-2.6665
27.325,2.2129,-2.6648
27.327,2.2124,-2.6634
27.329,2.2127,-2.6626
27.331,2.212,-2.6631
27.333,2.2108,-2.6631
27.335,2.2112,-2.6631
27.337,2.2112,-2.6631
27.34,2.2112,-2.6631
27.342,2.2112,-2.6631
27.344,2.2112,-2.6631
27.346,2.2112,-2.6631
27.348,2.2112,-2.6631
27.35,2.2112,-2.6631
27.352,2.2112,-2.6634
27.354,2.2112,-2.663
27.356,2.2108,-2.662
27.358,2.2115,-2.6606
27.36,2.2129,-2.6601
27.362,2.2146,-2.6606
27.365,2.216,-2.662
27.367,2.2167,-2.6633
27.369,2.2162,-2.6633
27.371,2.2162,-2.662
27.373,2.2158,-2.6609
27.375,2.2165,-2.66
27.377,2.2179,-2.6592
27.379,2.2196,-2.66
27.381,2.221,-2.6609
27.383,2.2222,-2.662
27.385,2.221,-2.6626
27.387,2.2196,-2.6636
27.39,2.2179,-2.6642
27.392,2.2165,-2.6652
27.394,2.2158,-2.6664
27.396,2.2162,-2.6673
27.398,2.2162,-2.6676
27.4,2.2162,-2.6682
27.402,2.2162,-2.6682
27.404,2.2162,-2.6676
27.406,2.2158,-2.667
27.408,2.2165,-2.6665
27.41,2.2179,-2.6657
27.412,2.2196,-2.6668
27.415,2.221,-2.6687
27.417,2.2217,-2.6709
27.419,2.2212,-2.6738
27.421,2.2212,-2.6733
27.423,2.2212,-2.6698
27.425,2.2212,-2.6665
27.427,2.2212,-2.6636
27.429,2.2217,-2.6622
27.431,2.221,-2.6631
27.433,2.2196,-2.6631
27.435,2.2179,-2.6631
27.438,2.2165,-2.6631
27.44,2.2158,-2.6631
27.442,2.2158,-2.6631
27.444,2.2165,-2.6631
27.446,2.2179,-2.6631
27.448,2.2196,-2.6631
27.45,2.2215,-2.6631
27.452,2.2215,-2.663
27.454,2.2191,-2.6632
27.456,2.2182,-2.6637
27.458,2.2177,-2.6639
27.46,2.2193,-2.6649
27.462,2.2227,-2.6661
27.465,2.2255,-2.667
27.467,2.2258,-2.6683
27.469,2.2251,-2.6683
27.471,2.2229,-2.667
27.473,2.2215,-2.6659
27.475,2.2208,-2.665
27.477,2.2212,-2.6642
27.479,2.2212,-2.665
27.481,2.2212,-2.6659
27.483,2.2212,-2.667
27.485,2.2212,-2.6684
27.487,2.2212,-2.6682
27.49,2.2212,-2.6665
27.492,2.2212,-2.6648
27.494,2.2212,-2.6634
27.496,2.2212,-2.6626
27.498,2.2212,-2.6631
27.5,2.2212,-2.6631
27.502,2.2212,-2.6631
27.504,2.2212,-2.6631
27.506,2.2212,-2.6631
27.508,2.2208,-2.6631
27.51,2.2215,-2.6631
27.512,2.2229,-2.6626
27.515,2.2246,-2.6634
27.517,2.2265,-2.6648
27.519,2.2265,-2.6665
27.521,2.2241,-2.6684
27.523,2.2232,-2.6684
27.525,2.2227,-2.666
27.527,2.2243,-2.665
27.529,2.2277,-2.665
27.531,2.2305,-2.666
27.533,2.2308,-2.6684
27.535,2.2301,-2.6684
27.537,2.2279,-2.6665
27.54,2.2265,-2.6648
27.542,2.2258,-2.6634
27.544,2.2262,-2.6626
27.546,2.2262,-2.6631
27.548,2.2262,-2.6631
27.55,2.2262,-2.6631
27.552,2.2262,-2.6631
27.554,2.2262,-2.6631
27.556,2.2262,-2.6631
27.558,2.2258,-2.6631
27.56,2.2265,-2.6631
27.562,2.2279,-2.6631
27.565,2.2296,-2.6631
27.567,2.231,-2.6631
27.569,2.2317,-2.6631
27.571,2.2312,-2.6631
27.573,2.2312,-2.6631
27.575,2.2312,-2.6631
27.577,2.2312,-2.6631
27.579,2.2312,-2.6631
27.581,2.2312,-2.6631
27.583,2.2312,-2.663
27.585,2.2312,-2.663
27.587,2.2312,-2.6638
27.59,2.2312,-2.6648
27.592,2.2303,-2.6657
27.594,2.2317,-2.6666
27.596,2.2346,-2.6672
27.598,2.2389,-2.6676
27.6,2.2403,-2.6682
27.602,2.2389,-2.6682
27.604,2.2346,-2.6676
27.606,2.2308,-2.667
27.608,2.2308,-2.6665
27.61,2.2346,-2.6661
27.612,2.2379,-2.6665
27.615,2.2408,-2.667
27.617,2.2422,-2.6676
27.619,2.2412,-2.6685
27.621,2.2412,-2.668
27.623,2.2412,-2.6665
27.625,2.2408,-2.6648
27.627,2.2415,-2.6634
27.629,2.2429,-2.6626
27.631,2.2451,-2.6631
27.633,2.2458,-2.6631
27.635,2.2451,-2.6631
27.637,2.2429,-2.6631
27.64,2.241,-2.6631
27.642,2.241,-2.6631
27.644,2.2429,-2.6631
27.646,2.2446,-2.6626
27.648,2.246,-2.6634
27.65,2.2477,-2.6648
27.652,2.2458,-2.6665
27.654,2.2429,-2.6684
27.656,2.2396,-2.6684
27.658,2.2367,-2.666
27.66,2.2353,-2.665
27.662,2.2362,-2.665
27.665,2.2367,-2.666
27.667,2.236,-2.6684
27.669,2.2346,-2.6684
27.671,2.2329,-2.6665
27.673,2.2315,-2.6648
27.675,2.2303,-2.6634
27.677,2.2315,-2.6626
27.679,2.2329,-2.6631
27.681,2.2346,-2.6631
27.683,2.2365,-2.663
27.685,2.2365,-2.663
27.688,2.2346,-2.6638
27.69,2.2324,-2.6648
27.692,2.2317,-2.6657
27.694,2.2324,-2.6666
27.696,2.2346,-2.6672
27.698,2.2365,-2.6676
27.7,2.2365,-2.6682
27.702,2.2346,-2.6682
27.704,2.2329,-2.6676
27.706,2.2315,-2.667
27.708,2.2303,-2.6665
27.71,2.2315,-2.6661
27.712,2.2329,-2.6665
27.715,2.2346,-2.667
27.717,2.236,-2.6676
27.719,2.2367,-2.6682
27.721,2.2362,-2.6682
27.723,2.2348,-2.6676
27.725,2.237,-2.6669
27.727,2.2412,-2.6666
27.729,2.2462,-2.6669
27.731,2.2505,-2.6676
27.733,2.2527,-2.6682
27.735,2.2512,-2.6682
27.737,2.2512,-2.6676
27.74,2.2512,-2.667
27.742,2.2512,-2.6665
27.744,2.2512,-2.6661
27.746,2.2512,-2.6665
27.748,2.2512,-2.667
27.75,2.2512,-2.6676
27.752,2.2512,-2.6685
27.754,2.2512,-2.668
27.756,2.2512,-2.6665
27.758,2.2509,-2.6648
27.76,2.2514,-2.6634
27.762,2.2524,-2.6626
27.765,2.2538,-2.6631
27.767,2.2543,-2.6631
27.769,2.2538,-2.6631
27.771,2.252,-2.6631
27.773,2.2516,-2.6631
27.775,2.2514,-2.6631
27.777,2.2538,-2.6631
27.779,2.2566,-2.6626
27.781,2.2593,-2.6634
27.783,2.2609,-2.6648
27.785,2.2619,-2.6665
27.787,2.2612,-2.6684
27.79,2.2627,-2.6684
27.792,2.2591,-2.666
27.794,2.257,-2.665
27.796,2.2562,-2.665
27.798,2.2579,-2.666
27.8,2.2586,-2.6684
27.802,2.2593,-2.6684
27.804,2.2546,-2.6665
27.806,2.2517,-2.6648
27.808,2.2503,-2.6634
27.81,2.2512,-2.6626
27.812,2.2512,-2.6622
27.815,2.2512,-2.6636
27.817,2.2517,-2.6665
27.819,2.2513,-2.6698
27.821,2.2491,-2.6731
27.823,2.247,-2.6738
27.825,2.2449,-2.671
27.827,2.2451,-2.67
27.829,2.2482,-2.67
27.831,2.2495,-2.671
27.833,2.2484,-2.6732
27.835,2.2461,-2.6734
27.837,2.2432,-2.672
27.84,2.2422,-2.6709
27.842,2.2405,-2.67
27.844,2.232,-2.6695
27.846,2.2209,-2.669
27.848,2.2104,-2.6689
27.85,2.2084,-2.6732
27.852,2.2052,-2.6798
27.854,2.193,-2.6869
27.856,2.1553,-2.6911
27.858,2.1076,-2.6916
27.86,2.0643,-2.6904
27.862,2.04,-2.6911
27.865,2.0309,-2.6921
27.867,2.032,-2.6934
27.869,2.0256,-2.6933
27.871,2.0193,-2.6931
27.873,2.0141,-2.6931
27.875,2.0109,-2.6931
27.877,2.0097,-2.6931
27.879,2.0116,-2.6936
27.881,2.014,-2.6929
27.883,2.0166,-2.6915
27.885,2.0183,-2.6898
27.887,2.0206,-2.6884
27.89,2.0244,-2.6876
27.892,2.0306,-2.6881
27.894,2.0365,-2.6881
27.896,2.0401,-2.6881
27.898,2.0404,-2.6881
27.9,2.0389,-2.6881
27.902,2.0399,-2.6881
27.904,2.0418,-2.6881
27.906,2.0426,-2.6881
27.908,2.046,-2.6881
27.91,2.0516,-2.6881
27.912,2.0582,-2.6881
27.915,2.0613,-2.6876
27.917,2.0664,-2.6884
27.919,2.1066,-2.6898
27.921,2.1686,-2.6918
27.923,2.2327,-2.6927
27.925,2.2775,-2.6922
27.927,2.2943,-2.6911
27.929,2.2947,-2.6911
27.931,2.3125,-2.6917
27.933,2.3341,-2.6933
27.935,2.353,-2.6934
27.938,2.3612,-2.6919
27.94,2.3652,-2.6903
27.942,2.3665,-2.6888
27.944,2.367,-2.6879
27.946,2.3684,-2.688
27.948,2.3689,-2.6881
27.95,2.3686,-2.6881
27.952,2.3701,-2.6881
27.954,2.3729,-2.6883
27.956,2.3791,-2.688
27.958,2.3862,-2.6874
27.96,2.3903,-2.6871
27.962,2.3924,-2.6871
27.965,2.3922,-2.6874
27.967,2.3874,-2.688
27.969,2.3812,-2.6884
27.971,2.3743,-2.688
27.973,2.3724,-2.6876
27.975,2.372,-2.687
27.977,2.3726,-2.6865
27.979,2.3724,-2.6863
27.981,2.3708,-2.6865
27.983,2.3681,-2.6865
27.985,2.3684,-2.6865
27.987,2.366,-2.6865
27.99,2.3652,-2.6865
27.992,2.3682,-2.6865
27.994,2.3724,-2.6865
27.996,2.3771,-2.6865
27.998,2.3808,-2.6865
28,2.382,-2.6865
28.002,2.3814,-2.6866
28.004,2.3812,-2.6864
28.006,2.3812,-2.6859
28.008,2.3812,-2.6853
28.01,2.3812,-2.6849
28.012,2.3812,-2.6848
28.015,2.3822,-2.6847
28.017,2.3808,-2.6846
28.019,2.3779,-2.6837
28.021,2.3746,-2.6831
28.023,2.3717,-2.6796
28.025,2.3703,-2.6738
28.027,2.3712,-2.6707
28.029,2.3712,-2.6707
28.031,2.3712,-2.6731
28.033,2.3712,-2.679
28.035,2.3712,-2.6785
28.037,2.3712,-2.6731
28.04,2.3712,-2.6681
28.042,2.3712,-2.6638
28.044,2.3712,-2.6617
28.046,2.3713,-2.6617
28.048,2.3713,-2.6638
28.05,2.3713,-2.6681
28.052,2.3712,-2.6731
28.054,2.3712,-2.6784
28.056,2.3717,-2.6791
28.058,2.371,-2.6738
28.06,2.3696,-2.6719
28.062,2.3684,-2.6719
28.065,2.3662,-2.6738
28.067,2.3641,-2.6786
28.069,2.3629,-2.6786
28.071,2.361,-2.6748
28.073,2.361,-2.6715
28.075,2.3629,-2.6686
28.077,2.3646,-2.6672
28.079,2.366,-2.6681
28.081,2.3667,-2.6681
28.083,2.3662,-2.6681
28.085,2.3662,-2.6681
28.087,2.3662,-2.6681
28.09,2.3662,-2.6681
28.092,2.3662,-2.6676
28.094,2.3662,-2.6684
28.096,2.3662,-2.6698
28.098,2.3667,-2.6715
28.1,2.366,-2.6734
28.102,2.3646,-2.6734
28.104,2.3629,-2.6715
28.106,2.362,-2.6698
28.108,2.3601,-2.6684
28.11,2.3598,-2.6672
28.112,2.3596,-2.6684
28.115,2.3598,-2.6698
28.117,2.361,-2.6715
28.119,2.3615,-2.6734
28.121,2.3596,-2.6734
28.123,2.3574,-2.6715
28.125,2.3567,-2.6698
28.127,2.3574,-2.6684
28.129,2.3596,-2.6676
28.131,2.3615,-2.6681
28.133,2.3615,-2.6681
28.135,2.3596,-2.6681
28.137,2.3574,-2.6681
28.14,2.3572,-2.6681
28.142,2.3572,-2.6681
28.144,2.3579,-2.6681
28.146,2.3577,-2.6681
28.148,2.357,-2.6681
28.15,2.3558,-2.6681
28.152,2.3562,-2.6681
28.154,2.3562,-2.6686
28.156,2.3562,-2.6679
28.158,2.3562,-2.666
28.16,2.3562,-2.665
28.162,2.3562,-2.665
28.165,2.3562,-2.666
28.167,2.3562,-2.6684
28.169,2.3562,-2.6684
28.171,2.3562,-2.6665
28.173,2.3562,-2.6648
28.175,2.3562,-2.6634
28.177,2.3562,-2.6626
28.179,2.3562,-2.6626
28.181,2.3562,-2.6634
28.183,2.3562,-2.6648
28.185,2.3562,-2.6665
28.188,2.3562,-2.6684
28.19,2.3562,-2.6684
28.192,2.3562,-2.666
28.194,2.3562,-2.665
28.196,2.3562,-2.665
28.198,2.3562,-2.666
28.2,2.3562,-2.6687
28.202,2.3562,-2.6682
28.204,2.3562,-2.6653
28.206,2.3562,-2.6626
28.208,2.3558,-2.6602
28.21,2.3565,-2.659
28.212,2.3579,-2.6595
28.215,2.3596,-2.66
28.217,2.3615,-2.6609
28.219,2.3615,-2.662
28.221,2.3591,-2.663
28.223,2.3582,-2.6634
28.225,2.3582,-2.6631
28.227,2.3591,-2.6631
28.229,2.361,-2.6631
28.231,2.3617,-2.6631
28.233,2.3612,-2.6631
28.235,2.3612,-2.6631
28.237,2.3612,-2.6631
28.24,2.3617,-2.6631
28.242,2.3605,-2.6631
28.244,2.3598,-2.6631
28.246,2.3596,-2.6631
28.248,2.3598,-2.6631
28.25,2.361,-2.6631
28.252,2.3615,-2.6631
28.254,2.3591,-2.6631
28.256,2.3582,-2.6631
28.258,2.3582,-2.6631
28.26,2.3591,-2.6631
28.262,2.361,-2.6631
28.265,2.3622,-2.6631
28.267,2.361,-2.6631
28.269,2.3596,-2.6631
28.271,2.3574,-2.6631
28.273,2.3567,-2.6631
28.275,2.3574,-2.6631
28.277,2.3596,-2.6631
28.279,2.361,-2.6631
28.281,2.3617,-2.6631
28.283,2.3612,-2.6631
28.285,2.3612,-2.6631
28.287,2.3612,-2.6631
28.29,2.3612,-2.6631
28.292,2.3612,-2.6631
28.294,2.3612,-2.6631
28.296,2.3612,-2.6631
28.298,2.3612,-2.6631
28.3,2.3612,-2.6631
28.302,2.3612,-2.6631
28.304,2.3612,-2.6631
28.306,2.3617,-2.6631
28.308,2.3605,-2.6631
28.31,2.3598,-2.6631
28.312,2.3596,-2.6631
28.315,2.3598,-2.6631
28.317,2.361,-2.6631
28.319,2.3615,-2.6636
28.321,2.3596,-2.6629
28.323,2.3579,-2.6615
28.325,2.3565,-2.6598
28.327,2.3558,-2.6584
28.329,2.3562,-2.6576
28.331,2.3562,-2.6581
28.333,2.3562,-2.6581
28.335,2.3562,-2.6581
28.337,2.3558,-2.6581
28.34,2.3565,-2.6581
28.342,2.3574,-2.6581
28.344,2.3598,-2.6581
28.346,2.3627,-2.6581
28.348,2.3651,-2.6576
28.35,2.3663,-2.6584
28.352,2.3666,-2.6598
28.354,2.3648,-2.6616
28.356,2.3642,-2.6628
28.358,2.3642,-2.6629
28.36,2.3648,-2.6621
28.362,2.3661,-2.6621
28.365,2.3666,-2.6624
28.367,2.3662,-2.6632
28.369,2.3662,-2.6632
28.371,2.3658,-2.6626
28.373,2.3665,-2.662
28.375,2.3679,-2.6615
28.377,2.3696,-2.6611
28.379,2.371,-2.6617
28.381,2.3717,-2.6621
28.383,2.3722,-2.6621
28.385,2.3708,-2.6611
28.387,2.3679,-2.6601
28.39,2.3641,-2.6592
28.392,2.362,-2.6588
28.394,2.362,-2.6597
28.396,2.3651,-2.6611
28.398,2.3658,-2.662
28.4,2.3651,-2.6633
28.402,2.3629,-2.6633
28.404,2.3615,-2.662
28.406,2.3611,-2.6609
28.408,2.3611,-2.66
28.41,2.3601,-2.6592
28.412,2.359,-2.66
28.415,2.3582,-2.6609
28.417,2.358,-2.662
28.419,2.3571,-2.6634
28.421,2.3551,-2.6632
28.423,2.353,-2.6615
28.425,2.3513,-2.6598
28.427,2.3508,-2.6584
28.429,2.3517,-2.6576
28.431,2.351,-2.6581
28.433,2.3496,-2.6581
28.435,2.3479,-2.6581
28.438,2.346,-2.6581
28.44,2.346,-2.6581
28.442,2.3479,-2.6581
28.444,2.3496,-2.6581
28.446,2.351,-2.6581
28.448,2.3517,-2.6581
28.45,2.3516,-2.6581
28.452,2.3511,-2.6581
28.454,2.3501,-2.6581
28.456,2.3487,-2.6581
28.458,2.3482,-2.6581
28.46,2.3487,-2.6581
28.462,2.3505,-2.6581
28.465,2.3509,-2.6581
28.467,2.3505,-2.6581
28.469,2.349,-2.6581
28.471,2.3481,-2.6581
28.473,2.3473,-2.6581
28.475,2.3476,-2.6581
28.477,2.3493,-2.6581
28.479,2.3518,-2.6581
28.481,2.3544,-2.6581
28.483,2.3568,-2.6581
28.485,2.3565,-2.6581
28.487,2.3541,-2.6581
28.49,2.3532,-2.6581
28.492,2.3532,-2.6581
28.494,2.3541,-2.6581
28.496,2.357,-2.6581
28.498,2.3562,-2.6581
28.5,2.3529,-2.6581
28.502,2.3496,-2.6581
28.504,2.3467,-2.6581
28.506,2.3453,-2.6581
28.508,2.3462,-2.6581
28.51,2.3462,-2.6581
28.512,2.3462,-2.6581
28.515,2.3462,-2.6581
28.517,2.3462,-2.6581
28.519,2.3462,-2.6581
28.521,2.3462,-2.6586
28.523,2.3462,-2.6579
28.525,2.3462,-2.656
28.527,2.3462,-2.655
28.529,2.3462,-2.655
28.531,2.3462,-2.656
28.533,2.3462,-2.6582
28.535,2.3462,-2.6584
28.537,2.3462,-2.657
28.54,2.3466,-2.6559
28.542,2.3458,-2.655
28.544,2.3453,-2.6545
28.546,2.3451,-2.6545
28.548,2.3453,-2.655
28.55,2.3461,-2.6559
28.552,2.3464,-2.657
28.554,2.3451,-2.6583
28.556,2.344,-2.6583
28.558,2.3431,-2.6567
28.56,2.3426,-2.6561
28.562,2.3431,-2.6561
28.565,2.3428,-2.6567
28.567,2.3424,-2.6584
28.569,2.3418,-2.6582
28.571,2.3412,-2.6565
28.573,2.3413,-2.6548
28.575,2.3417,-2.6534
28.577,2.3418,-2.6526
28.579,2.3417,-2.6531
28.581,2.3424,-2.6531
28.583,2.3409,-2.653
28.585,2.3378,-2.6532
28.587,2.3332,-2.6538
28.59,2.3297,-2.6542
28.592,2.3282,-2.654
28.594,2.3298,-2.6539
28.596,2.3314,-2.6538
28.598,2.3314,-2.6541
28.6,2.3301,-2.6547
28.602,2.329,-2.655
28.604,2.3278,-2.6548
28.606,2.3278,-2.6548
28.608,2.3293,-2.6548
28.61,2.33,-2.6548
28.612,2.33,-2.6548
28.615,2.3295,-2.6548
28.617,2.328,-2.6548
28.619,2.327,-2.6548
28.621,2.3268,-2.655
28.623,2.3263,-2.6547
28.625,2.3261,-2.6541
28.627,2.3262,-2.6538
28.629,2.3262,-2.6538
28.631,2.3262,-2.6542
28.633,2.3262,-2.6546
28.635,2.3262,-2.6544
28.637,2.3262,-2.6537
28.64,2.3262,-2.6532
28.642,2.3262,-2.653
28.644,2.3262,-2.6531
28.646,2.3262,-2.6531
28.648,2.3262,-2.6531
28.65,2.3262,-2.6531
28.652,2.3262,-2.6531
28.654,2.3262,-2.6531
28.656,2.3262,-2.6531
28.658,2.3262,-2.6531
28.66,2.3262,-2.6531
28.662,2.3262,-2.6531
28.665,2.3262,-2.6531
28.667,2.3262,-2.6531
28.669,2.3262,-2.6531
28.671,2.3262,-2.6531
28.673,2.3262,-2.6531
28.675,2.3262,-2.6531
28.677,2.3262,-2.6531
28.679,2.3262,-2.6531
28.681,2.3262,-2.6531
28.683,2.3262,-2.6531
28.685,2.3262,-2.6531
28.688,2.3262,-2.6531
28.69,2.3262,-2.6531
28.692,2.3262,-2.6531
28.694,2.3262,-2.6531
28.696,2.3262,-2.6531
28.698,2.3262,-2.6531
28.7,2.3262,-2.6531
28.702,2.3262,-2.6531
28.704,2.3262,-2.6531
28.706,2.3262,-2.6531
28.708,2.3262,-2.6531
28.71,2.3262,-2.6531
28.712,2.3262,-2.6531
28.715,2.3262,-2.6531
28.717,2.3262,-2.6531
28.719,2.3262,-2.6531
28.721,2.3262,-2.6531
28.723,2.3262,-2.6531
28.725,2.3262,-2.6531
28.727,2.3262,-2.6531
28.729,2.3262,-2.6531
28.731,2.3262,-2.6531
28.733,2.3262,-2.6531
28.735,2.3262,-2.6531
28.737,2.3262,-2.6531
28.74,2.3253,-2.6531
28.742,2.3267,-2.6531
28.744,2.3296,-2.6531
28.746,2.3329,-2.6526
28.748,2.3367,-2.6534
28.75,2.3367,-2.6548
28.752,2.3329,-2.6565
28.754,2.3294,-2.6579
28.756,2.3268,-2.6586
28.758,2.3259,-2.6581
28.76,2.3274,-2.6581
28.762,2.328,-2.6581
28.765,2.328,-2.6581
28.767,2.3274,-2.6581
28.769,2.3268,-2.6581
28.771,2.3263,-2.6581
28.773,2.3261,-2.6581
28.775,2.3261,-2.6581
28.777,2.3263,-2.6581
28.779,2.3268,-2.6576
28.781,2.3275,-2.6584
28.783,2.3278,-2.6598
28.785,2.3275,-2.6615
28.787,2.3268,-2.6634
28.79,2.3263,-2.6634
28.792,2.3256,-2.661
28.794,2.3265,-2.66
28.796,2.3284,-2.66
28.798,2.3293,-2.661
28.8,2.3293,-2.6634
28.802,2.3284,-2.6634
28.804,2.326,-2.6615
28.806,2.3265,-2.6598
28.808,2.3277,-2.6584
28.81,2.3279,-2.6576
28.812,2.3277,-2.6581
28.815,2.3274,-2.6581
28.817,2.3255,-2.6581
28.819,2.3246,-2.6581
28.821,2.3223,-2.6581
28.823,2.3224,-2.6581
28.825,2.322,-2.6581
28.827,2.3238,-2.6581
28.829,2.326,-2.6581
28.831,2.3263,-2.6581
28.833,2.3247,-2.6581
28.835,2.3241,-2.6581
28.837,2.3209,-2.6581
28.84,2.3201,-2.6581
28.842,2.3239,-2.6581
28.844,2.3285,-2.6581
28.846,2.3332,-2.6581
28.848,2.3365,-2.6581
28.85,2.338,-2.6581
28.852,2.3358,-2.6581
28.854,2.332,-2.6581
28.856,2.331,-2.6581
28.858,2.3296,-2.6581
28.86,2.3286,-2.6581
28.862,2.3291,-2.6581
28.865,2.3277,-2.6581
28.867,2.3253,-2.6581
28.869,2.3262,-2.6581
28.871,2.3262,-2.6581
28.873,2.3264,-2.6581
28.875,2.326,-2.6581
28.877,2.3258,-2.6581
28.879,2.3257,-2.6576
28.881,2.3258,-2.6584
28.883,2.3265,-2.6598
28.885,2.3262,-2.6615
28.887,2.3241,-2.6634
28.89,2.3232,-2.6634
28.892,2.3232,-2.661
28.894,2.3241,-2.66
28.896,2.326,-2.66
28.898,2.3267,-2.661
28.9,2.3262,-2.6634
28.902,2.3262,-2.6634
28.904,2.3262,-2.6615
28.906,2.3262,-2.6598
28.908,2.3258,-2.6584
28.91,2.3265,-2.6576
28.912,2.3279,-2.6581
28.915,2.3296,-2.6581
28.917,2.3315,-2.6581
28.919,2.3315,-2.6581
28.921,2.3291,-2.6581
28.923,2.3288,-2.6581
28.925,2.3272,-2.6581
28.927,2.3272,-2.6581
28.929,2.3294,-2.6581
28.931,2.3295,-2.6581
28.933,2.3281,-2.6581
28.935,2.3274,-2.6581
28.938,2.3243,-2.6581
28.94,2.3238,-2.6581
28.942,2.327,-2.6581
28.944,2.3307,-2.6581
28.946,2.3343,-2.6581
28.948,2.3366,-2.6581
28.95,2.3372,-2.6581
28.952,2.336,-2.6581
28.954,2.3341,-2.6581
28.956,2.3336,-2.6581
28.958,2.3329,-2.6581
28.96,2.3324,-2.6581
28.962,2.3327,-2.6581
28.965,2.332,-2.6581
28.967,2.3308,-2.6581
28.969,2.3313,-2.6581
28.971,2.3312,-2.6581
28.973,2.3312,-2.6581
28.975,2.3308,-2.6581
28.977,2.3315,-2.6581
28.979,2.3329,-2.6576
28.981,2.3346,-2.6584
28.983,2.3363,-2.6598
28.985,2.3366,-2.6615
28.987,2.3348,-2.6634
28.99,2.3342,-2.6634
28.992,2.3337,-2.661
28.994,2.3351,-2.66
28.996,2.3382,-2.66
28.998,2.3397,-2.661
29,2.3393,-2.6634
29.002,2.3384,-2.6634
29.004,2.3365,-2.6615
29.006,2.3353,-2.6598
29.008,2.336,-2.6584
29.01,2.3382,-2.6576
29.012,2.3412,-2.6576
29.015,2.3443,-2.6584
29.017,2.347,-2.6598
29.019,2.3465,-2.6615
29.021,2.3441,-2.6629
29.023,2.3432,-2.6636
29.025,2.3432,-2.6631
29.027,2.3441,-2.6631
29.029,2.3465,-2.6631
29.031,2.3465,-2.6631
29.033,2.3446,-2.6631
29.035,2.3429,-2.6631
29.037,2.3415,-2.6631
29.04,2.3408,-2.6631
29.042,2.3408,-2.6631
29.044,2.3415,-2.6631
29.046,2.3429,-2.6631
29.048,2.3446,-2.6631
29.05,2.3465,-2.6631
29.052,2.3465,-2.6631
29.054,2.3441,-2.6636
29.056,2.3432,-2.6629
29.058,2.3432,-2.661
29.06,2.3441,-2.66
29.062,2.346,-2.66
29.065,2.3467,-2.661
29.067,2.3462,-2.6634
29.069,2.3462,-2.6634
29.071,2.3462,-2.6615
29.073,2.3462,-2.6598
29.075,2.3458,-2.6584
29.077,2.3465,-2.6576
29.079,2.3479,-2.6572
29.081,2.3496,-2.6586
29.083,2.3515,-2.6615
29.085,2.3515,-2.6648
29.087,2.3496,-2.6686
29.09,2.3474,-2.6686
29.092,2.3467,-2.6638
29.094,2.3474,-2.6619
29.096,2.3496,-2.6619
29.098,2.351,-2.6638
29.1,2.3517,-2.6686
29.102,2.3512,-2.6686
29.104,2.3512,-2.6648
29.106,2.3512,-2.6615
29.108,2.3508,-2.6586
29.11,2.3515,-2.6572
29.112,2.3529,-2.6581
29.115,2.3546,-2.6581
29.117,2.3562,-2.6581
29.119,2.3566,-2.6581
29.121,2.3555,-2.6581
29.123,2.3552,-2.6581
29.125,2.3552,-2.6581
29.127,2.3555,-2.6581
29.129,2.3562,-2.6581
29.131,2.3564,-2.6581
29.133,2.3562,-2.6581
29.135,2.3562,-2.6581
29.137,2.3558,-2.6581
29.14,2.357,-2.6581
29.142,2.3577,-2.6581
29.144,2.3579,-2.6581
29.146,2.3577,-2.6581
29.148,2.357,-2.6581
29.15,2.3561,-2.6581
29.152,2.3561,-2.6581
29.154,2.3551,-2.6581
29.156,2.354,-2.6581
29.158,2.3531,-2.6581
29.16,2.3526,-2.6581
29.162,2.3536,-2.6581
29.165,2.3526,-2.6581
29.167,2.3507,-2.6581
29.169,2.3485,-2.6581
29.171,2.3466,-2.6581
29.173,2.3456,-2.6581
29.175,2.3462,-2.6581
29.177,2.3462,-2.6581
29.179,2.3462,-2.6576
29.181,2.3462,-2.6584
29.183,2.3462,-2.6598
29.185,2.3462,-2.6615
29.188,2.3462,-2.6634
29.19,2.3462,-2.6634
29.192,2.3464,-2.661
29.194,2.3462,-2.66
29.196,2.346,-2.66
29.198,2.345,-2.661
29.2,2.3436,-2.6634
29.202,2.3422,-2.6634
29.204,2.3414,-2.6615
29.206,2.3409,-2.6598
29.208,2.3412,-2.6584
29.21,2.3409,-2.6576
29.212,2.3414,-2.6576
29.215,2.3427,-2.6584
29.217,2.3433,-2.6598
29.219,2.3433,-2.6615
29.221,2.3422,-2.6634
29.223,2.3416,-2.6634
29.225,2.3426,-2.661
29.227,2.3446,-2.66
29.229,2.347,-2.66
29.231,2.3462,-2.661
29.233,2.3429,-2.6634
29.235,2.3396,-2.6634
29.237,2.3358,-2.6615
29.24,2.3358,-2.6598
29.242,2.3396,-2.6584
29.244,2.3429,-2.6576
29.246,2.3458,-2.6576
29.248,2.3472,-2.6584
29.25,2.3466,-2.6598
29.252,2.3461,-2.6615
29.254,2.3448,-2.6629
29.256,2.3442,-2.6636
29.258,2.3442,-2.6631
29.26,2.3448,-2.6631
29.262,2.3461,-2.6631
29.265,2.3466,-2.6631
29.267,2.3462,-2.6631
29.269,2.3462,-2.6631
29.271,2.3462,-2.6631
29.273,2.3462,-2.6631
29.275,2.3458,-2.6631
29.277,2.3465,-2.6631
29.279,2.3479,-2.6631
29.281,2.3496,-2.6631
29.283,2.351,-2.6631
29.285,2.3517,-2.6631
29.287,2.3512,-2.6631
29.29,2.3512,-2.6631
29.292,2.3512,-2.6631
29.294,2.3512,-2.6631
29.296,2.3512,-2.6631
29.298,2.3512,-2.6631
29.3,2.3512,-2.6631
29.302,2.3512,-2.6631
29.304,2.3512,-2.6631
29.306,2.3512,-2.6631
29.308,2.3512,-2.6631
29.31,2.3512,-2.6631
29.312,2.3512,-2.6631
29.315,2.3512,-2.6631
29.317,2.3512,-2.6631
29.319,2.3512,-2.6631
29.321,2.3512,-2.6631
29.323,2.3512,-2.6631
29.325,2.3509,-2.6631
29.327,2.3514,-2.6631
29.329,2.3524,-2.6631
29.331,2.3535,-2.6631
29.333,2.3544,-2.6631
29.335,2.3549,-2.6631
29.337,2.3546,-2.6631
29.34,2.3544,-2.6631
29.342,2.3547,-2.6631
29.344,2.3551,-2.6631
29.346,2.3557,-2.6631
29.348,2.3562,-2.6631
29.35,2.3564,-2.6631
29.352,2.3562,-2.6631
29.354,2.3562,-2.6631
29.356,2.3562,-2.6631
29.358,2.3562,-2.6631
29.36,2.3562,-2.6631
29.362,2.3567,-2.6631
29.365,2.356,-2.6631
29.367,2.3546,-2.6631
29.369,2.3529,-2.6631
29.371,2.3515,-2.6631
29.373,2.3508,-2.6631
29.375,2.3512,-2.6631
29.377,2.3512,-2.6631
29.379,2.3512,-2.6631
29.381,2.3512,-2.6631
29.383,2.3517,-2.6631
29.385,2.351,-2.6631
29.387,2.3496,-2.6631
29.39,2.3474,-2.6631
29.392,2.3467,-2.6631
29.394,2.3474,-2.6631
29.396,2.3496,-2.6631
29.398,2.351,-2.6631
29.4,2.3517,-2.6631
29.402,2.3512,-2.6631
29.404,2.3512,-2.6631
29.406,2.3512,-2.6631
29.408,2.3512,-2.6631
29.41,2.3512,-2.6631
29.412,2.3512,-2.6631
29.415,2.3512,-2.6631
29.417,2.3512,-2.6631
29.419,2.3512,-2.6631
29.421,2.3512,-2.6631
29.423,2.3517,-2.6631
29.425,2.351,-2.6631
29.427,2.3496,-2.6631
29.429,2.3484,-2.6631
29.431,2.3462,-2.6631
29.433,2.3441,-2.6631
29.435,2.3429,-2.6631
29.438,2.3415,-2.6631
29.44,2.3408,-2.6631
29.442,2.3412,-2.6631
29.444,2.3412,-2.6631
29.446,2.3412,-2.6626
29.448,2.3412,-2.6634
29.45,2.3412,-2.6648
29.452,2.3412,-2.6665
29.454,2.3412,-2.6684
29.456,2.3412,-2.6684
29.458,2.3408,-2.666
29.46,2.3415,-2.665
29.462,2.3434,-2.665
29.465,2.3443,-2.666
29.467,2.3443,-2.6684
29.469,2.3434,-2.6684
29.471,2.3415,-2.6665
29.473,2.3403,-2.6648
29.475,2.3415,-2.6634
29.477,2.3429,-2.6626
29.479,2.3446,-2.6633
29.481,2.346,-2.6629
29.483,2.3467,-2.6626
29.485,2.3462,-2.6626
29.487,2.3462,-2.6628
29.49,2.3462,-2.6628
29.492,2.3458,-2.6626
29.494,2.3465,-2.6621
29.496,2.3484,-2.6621
29.498,2.3493,-2.6624
29.5,2.3493,-2.6632
29.502,2.3484,-2.6632
29.504,2.3465,-2.6626
29.506,2.3453,-2.662
29.508,2.3465,-2.6615
29.51,2.3479,-2.6611
29.512,2.3496,-2.6611
29.515,2.351,-2.6623
29.517,2.3517,-2.6642
29.519,2.3512,-2.6664
29.521,2.3512,-2.668
29.523,2.3512,-2.6686
29.525,2.3512,-2.6681
29.527,2.3512,-2.6681
29.529,2.3517,-2.6681
29.531,2.351,-2.6681
29.533,2.3501,-2.6681
29.535,2.3482,-2.6686
29.537,2.3447,-2.6684
29.54,2.341,-2.6667
29.542,2.3379,-2.6634
29.544,2.3345,-2.6581
29.546,2.3298,-2.6529
29.548,2.3246,-2.6491
29.55,2.3195,-2.6473
29.552,2.315,-2.6484
